2061
0.366977 0.064352 1.877801 103.256000
0.366977 0.064352 1.877801 103.256000
0.366977 0.064352 1.877801 103.256000
0.367618 0.067440 1.877956 103.504000
0.367790 0.070465 1.878554 103.752000
0.367978 0.073312 1.879189 104.000000
0.368359 0.076782 1.878908 104.256000
0.368359 0.076782 1.878908 104.256000
0.368389 0.080424 1.879314 104.504000
0.368369 0.083987 1.880233 104.752000
0.368591 0.086629 1.880844 105.000000
0.368559 0.089905 1.882106 105.256000
0.368559 0.089905 1.882106 105.256000
0.367907 0.093131 1.884555 105.504000
0.367733 0.093969 1.885331 105.760000
0.366281 0.097994 1.889195 106.000000
0.364926 0.099697 1.892055 106.256000
0.364926 0.099697 1.892055 106.256000
0.363277 0.101905 1.895599 106.504000
0.362306 0.103250 1.897564 106.752000
0.360808 0.104960 1.900843 107.000000
0.359593 0.106687 1.904405 107.256000
0.359593 0.106687 1.904405 107.256000
0.358997 0.107842 1.906386 107.504000
0.357427 0.109237 1.910761 107.760000
0.356187 0.109838 1.913611 108.000000
0.355042 0.110257 1.915405 108.264000
0.355042 0.110257 1.915405 108.264000
0.353442 0.110585 1.917488 108.504000
0.353442 0.110585 1.917488 108.504000
0.348974 0.111684 1.922067 109.000000
0.346518 0.112518 1.923369 109.264000
0.346518 0.112518 1.923369 109.264000
0.344472 0.113235 1.924545 109.504000
0.340920 0.114792 1.925208 109.752000
0.338694 0.115594 1.925141 110.000000
0.335463 0.116441 1.925683 110.256000
0.335463 0.116441 1.925683 110.256000
0.332106 0.117283 1.926044 110.504000
0.328444 0.118021 1.925563 110.752000
0.325820 0.118344 1.925740 111.000000
0.321653 0.118735 1.925903 111.256000
0.321653 0.118735 1.925903 111.256000
0.317187 0.118867 1.925043 111.512000
0.312884 0.118567 1.925241 111.752000
0.309780 0.118191 1.925700 112.016000
0.303736 0.117068 1.925379 112.256000
0.303736 0.117068 1.925379 112.256000
0.300301 0.116152 1.925526 112.504000
0.295845 0.114731 1.926296 112.760000
0.292099 0.113276 1.926465 113.000000
0.288205 0.111611 1.927086 113.264000
0.288205 0.111611 1.927086 113.264000
0.284506 0.109992 1.928212 113.512000
0.281888 0.108837 1.928759 113.752000
0.277871 0.107071 1.929677 114.000000
0.273671 0.105259 1.931354 114.256000
0.273671 0.105259 1.931354 114.256000
0.270233 0.103725 1.932206 114.504000
0.266733 0.102178 1.931608 114.760000
0.263026 0.100751 1.931385 115.040000
0.260216 0.099780 1.931132 115.256000
0.260216 0.099780 1.931132 115.256000
0.256109 0.098553 1.929577 115.504000
0.251740 0.097502 1.928593 115.752000
0.246553 0.096509 1.927525 116.000000
0.242722 0.095904 1.925492 116.256000
0.242722 0.095904 1.925492 116.256000
0.236687 0.094977 1.922811 116.504000
0.234903 0.094317 1.934446 116.752000
0.261836 0.099322 1.961089 117.000000
0.370631 0.126018 1.962812 117.256000
0.370631 0.126018 1.962812 117.256000
0.686611 0.215562 1.957097 117.504000
0.967329 0.299020 1.935781 117.752000
1.294733 0.399016 1.920388 118.016000
1.294733 0.399016 1.920388 118.016000
1.594020 0.492175 1.906480 118.312000
1.976281 0.613223 1.889831 118.504000
2.362517 0.737592 1.874327 118.752000
2.710128 0.851242 1.862553 119.000000
2.985742 0.942721 1.854727 119.256000
2.985742 0.942721 1.854727 119.256000
3.194292 1.013083 1.849577 119.504000
3.394702 1.082030 1.845664 119.760000
3.578336 1.146750 1.843031 120.000000
3.755351 1.210818 1.840344 120.256000
3.755351 1.210818 1.840344 120.256000
3.929572 1.275718 1.838597 120.504000
4.028915 1.313737 1.838177 120.752000
4.147375 1.360122 1.837807 121.000000
4.220544 1.389260 1.838171 121.256000
4.220544 1.389260 1.838171 121.256000
4.285970 1.415552 1.838985 121.640000
4.384578 1.455518 1.840651 121.752000
4.447766 1.481384 1.841966 122.000000
4.512397 1.508240 1.844579 122.256000
4.512397 1.508240 1.844579 122.256000
4.554438 1.525962 1.846610 122.512000
4.585030 1.538959 1.848149 122.752000
4.615937 1.552169 1.850516 123.000000
4.650214 1.566929 1.853535 123.256000
4.650214 1.566929 1.853535 123.256000
4.674525 1.577467 1.856018 123.512000
4.690358 1.584357 1.858308 123.752000
4.708837 1.592385 1.861473 124.016000
4.727911 1.600563 1.864837 124.264000
4.727911 1.600563 1.864837 124.264000
4.737775 1.604695 1.867174 124.504000
4.737775 1.604695 1.867174 124.504000
4.758672 1.612760 1.873678 125.000000
4.776912 1.616238 1.901621 125.264000
4.776912 1.616238 1.901621 125.264000
4.825914 1.622671 1.917861 125.504000
4.978387 1.641050 1.908112 125.752000
5.167584 1.659640 1.905521 126.000000
5.357368 1.675859 1.902307 126.256000
5.357368 1.675859 1.902307 126.256000
5.572893 1.692093 1.899940 126.520000
5.718764 1.701526 1.898401 126.760000
5.898568 1.711263 1.898008 127.000000
6.067364 1.718657 1.898482 127.256000
6.067364 1.718657 1.898482 127.256000
6.218925 1.724123 1.899395 127.512000
6.303985 1.726769 1.900604 127.752000
6.303985 1.726769 1.900604 127.752000
6.532796 1.732769 1.905744 128.256000
6.532796 1.732769 1.905744 128.256000
6.627559 1.735035 1.908827 128.504000
6.725041 1.737443 1.912748 128.776000
6.775955 1.738780 1.914629 129.000000
6.840826 1.740686 1.917747 129.256000
6.840826 1.740686 1.917747 129.256000
6.898435 1.742696 1.921621 129.512000
6.938510 1.744292 1.924116 129.752000
6.978901 1.746159 1.926749 130.008000
7.018142 1.748316 1.930237 130.256000
7.018142 1.748316 1.930237 130.256000
7.040883 1.749693 1.932210 130.504000
7.071310 1.751674 1.934939 130.760000
7.095618 1.753399 1.938201 131.000000
7.095618 1.753399 1.938201 131.000000
7.122148 1.753070 1.959297 131.312000
7.179867 1.743011 1.980233 131.504000
7.335595 1.696961 1.978455 131.752000
7.460451 1.644831 1.974102 132.008000
7.620251 1.566589 1.969460 132.264000
7.620251 1.566589 1.969460 132.264000
7.796930 1.471319 1.966145 132.504000
7.950895 1.380314 1.962091 132.760000
8.062334 1.308196 1.958669 133.016000
8.172817 1.230827 1.954973 133.256000
8.172817 1.230827 1.954973 133.256000
8.266985 1.160062 1.952895 133.504000
8.345175 1.097973 1.951008 133.752000
8.414340 1.040550 1.949854 134.000000
8.478592 0.984882 1.949582 134.264000
8.478592 0.984882 1.949582 134.264000
8.516906 0.950393 1.949593 134.608000
8.571653 0.898912 1.949476 134.784000
8.599557 0.871343 1.949846 135.000000
8.631897 0.837813 1.949891 135.256000
8.631897 0.837813 1.949891 135.256000
8.659402 0.807745 1.949016 135.512000
8.682679 0.781116 1.948484 135.752000
8.698346 0.762394 1.948219 136.008000
8.716579 0.739459 1.947270 136.256000
8.716579 0.739459 1.947270 136.256000
8.730638 0.720570 1.946711 136.504000
8.742338 0.703547 1.946352 136.760000
8.750145 0.691124 1.945227 137.000000
8.757783 0.677721 1.943514 137.256000
8.757783 0.677721 1.943514 137.256000
8.763316 0.666665 1.941752 137.504000
8.767975 0.651715 1.952873 137.760000
8.771564 0.622806 1.975370 138.000000
8.780217 0.494786 1.957811 138.256000
8.780217 0.494786 1.957811 138.256000
8.782331 0.364165 1.948592 138.504000
8.782440 0.162133 1.935887 138.760000
8.781309 -0.038467 1.924091 139.000000
8.778182 -0.215482 1.913641 139.256000
8.778182 -0.215482 1.913641 139.256000
8.774812 -0.323499 1.907106 139.504000
8.766693 -0.500692 1.896828 139.752000
8.760797 -0.600645 1.890942 140.000000
8.749810 -0.758113 1.880911 140.272000
8.749810 -0.758113 1.880911 140.272000
8.744243 -0.828551 1.876339 140.504000
8.737139 -0.912015 1.870838 140.752000
8.731329 -0.976321 1.866358 141.040000
8.722310 -1.071843 1.859577 141.256000
8.722310 -1.071843 1.859577 141.256000
8.716219 -1.135529 1.855273 141.504000
8.712315 -1.176817 1.852350 141.752000
8.707308 -1.231238 1.847768 142.016000
8.704724 -1.260607 1.844735 142.264000
8.704724 -1.260607 1.844735 142.264000
8.701397 -1.300664 1.840050 142.504000
8.699720 -1.322148 1.837296 142.752000
8.697885 -1.346576 1.833493 143.000000
8.696314 -1.367162 1.829813 143.256000
8.696314 -1.367162 1.829813 143.256000
8.695119 -1.381684 1.827062 143.512000
8.693591 -1.397355 1.823819 143.752000
8.691955 -1.410476 1.820873 144.000000
8.691955 -1.410476 1.820873 144.000000
8.690069 -1.422092 1.818267 144.304000
8.688492 -1.429673 1.816194 144.504000
8.685059 -1.441980 1.811868 144.776000
8.683451 -1.446382 1.810077 145.000000
8.680067 -1.454004 1.806433 145.272000
8.680067 -1.454004 1.806433 145.272000
8.676389 -1.460567 1.800650 145.504000
8.666070 -1.480080 1.807341 145.752000
8.628150 -1.584855 1.813309 146.008000
8.586569 -1.748610 1.799932 146.256000
8.586569 -1.748610 1.799932 146.256000
8.549968 -1.924840 1.791832 146.512000
8.504732 -2.168992 1.779770 146.752000
8.464084 -2.414555 1.768528 147.008000
8.440725 -2.569137 1.761626 147.256000
8.440725 -2.569137 1.761626 147.256000
8.407570 -2.806260 1.751952 147.512000
8.390618 -2.935441 1.747077 147.752000
8.370748 -3.096389 1.741542 148.000000
8.354567 -3.238535 1.737135 148.256000
8.354567 -3.238535 1.737135 148.256000
8.341781 -3.359952 1.733152 148.504000
8.331316 -3.466547 1.729404 148.752000
8.324431 -3.540363 1.726770 149.008000
8.317734 -3.614266 1.724000 149.264000
8.317734 -3.614266 1.724000 149.264000
8.310744 -3.692970 1.720693 149.520000
8.304897 -3.760807 1.717622 149.752000
8.299791 -3.820885 1.714746 150.000000
8.296888 -3.855722 1.712990 150.264000
8.296888 -3.855722 1.712990 150.264000
8.293371 -3.901233 1.710761 150.504000
8.290851 -3.937417 1.708912 150.752000
8.288660 -3.971247 1.707044 151.000000
8.286953 -4.001220 1.704912 151.264000
8.286953 -4.001220 1.704912 151.264000
8.286103 -4.019603 1.703510 151.504000
8.285330 -4.042898 1.701424 151.752000
8.285211 -4.058130 1.699748 152.000000
8.285792 -4.075454 1.697443 152.256000
8.285792 -4.075454 1.697443 152.256000
8.287069 -4.088835 1.694933 152.520000
8.287615 -4.095997 1.694398 152.752000
8.259971 -4.098137 1.707244 153.000000
8.173362 -4.074613 1.706090 153.256000
8.173362 -4.074613 1.706090 153.256000
8.085949 -4.031228 1.698477 153.504000
7.976463 -3.962836 1.695377 153.752000
7.976463 -3.962836 1.695377 153.752000
7.783245 -3.830251 1.684109 154.256000
7.783245 -3.830251 1.684109 154.256000
7.725290 -3.786135 1.679885 154.504000
7.643106 -3.717751 1.674154 154.752000
7.566961 -3.647754 1.668618 155.016000
7.566961 -3.647754 1.668618 155.016000
7.512099 -3.593612 1.664870 155.264000
7.475731 -3.556352 1.662443 155.504000
7.426551 -3.504868 1.659049 155.752000
7.389879 -3.465906 1.656583 156.000000
7.364532 -3.438828 1.654988 156.256000
7.364532 -3.438828 1.654988 156.256000
7.335742 -3.408214 1.653149 156.512000
7.311957 -3.383118 1.651798 156.752000
7.311957 -3.383118 1.651798 156.752000
7.269393 -3.338500 1.650063 157.256000
7.269393 -3.338500 1.650063 157.256000
7.252392 -3.320675 1.649585 157.504000
7.236118 -3.303065 1.649263 157.760000
7.228236 -3.294242 1.649197 158.000000
7.215409 -3.279539 1.649132 158.256000
7.215409 -3.279539 1.649132 158.256000
7.205144 -3.267625 1.649298 158.512000
7.198569 -3.260047 1.649558 158.752000
7.190061 -3.250367 1.649595 159.000000
7.182432 -3.241578 1.650277 159.264000
7.182432 -3.241578 1.650277 159.264000
7.167069 -3.258923 1.679206 159.520000
7.136499 -3.359570 1.689374 159.752000
7.133209 -3.489101 1.677412 160.008000
7.133209 -3.489101 1.677412 160.008000
7.182344 -3.746506 1.662707 160.280000
7.264144 -4.005985 1.659154 160.504000
7.346928 -4.252179 1.652686 160.752000
7.402762 -4.420587 1.650273 161.000000
7.469571 -4.620221 1.647064 161.256000
7.469571 -4.620221 1.647064 161.256000
7.535303 -4.806353 1.644890 161.504000
7.592178 -4.955487 1.644041 161.752000
7.645772 -5.086389 1.644092 162.000000
7.698671 -5.207629 1.644430 162.256000
7.698671 -5.207629 1.644430 162.256000
7.736140 -5.289160 1.645304 162.504000
7.784901 -5.390729 1.647157 162.752000
7.821685 -5.464597 1.648728 163.000000
7.848708 -5.517558 1.650269 163.256000
7.848708 -5.517558 1.650269 163.256000
7.870683 -5.559767 1.651751 163.512000
7.910893 -5.634911 1.655496 163.752000
7.936897 -5.681471 1.658730 164.000000
7.954972 -5.712404 1.661381 164.256000
7.954972 -5.712404 1.661381 164.256000
7.977015 -5.748197 1.664914 164.504000
7.997615 -5.779703 1.668596 164.752000
8.014594 -5.804255 1.672134 165.008000
8.014594 -5.804255 1.672134 165.008000
8.031571 -5.827392 1.675893 165.272000
8.042150 -5.841035 1.678261 165.504000
8.056039 -5.857998 1.681786 165.760000
8.070065 -5.873900 1.685602 166.000000
8.078054 -5.882376 1.687679 166.256000
8.078054 -5.882376 1.687679 166.256000
8.089077 -5.893364 1.690877 166.504000
8.098438 -5.901925 1.693807 166.776000
8.107025 -5.908961 1.697308 167.008000
8.122853 -5.935230 1.727672 167.264000
8.122853 -5.935230 1.727672 167.264000
8.143172 -5.998203 1.740149 167.504000
8.160859 -6.134378 1.738944 167.752000
8.158885 -6.316158 1.731268 168.000000
8.140476 -6.544975 1.728487 168.256000
8.140476 -6.544975 1.728487 168.256000
8.122940 -6.704155 1.725739 168.504000
8.095966 -6.893995 1.721846 168.752000
8.061893 -7.074506 1.719208 169.000000
8.027530 -7.223935 1.717264 169.264000
8.027530 -7.223935 1.717264 169.264000
7.993890 -7.354624 1.716024 169.504000
7.993890 -7.354624 1.716024 169.504000
7.938466 -7.552118 1.716665 170.000000
7.912808 -7.639298 1.717619 170.256000
7.912808 -7.639298 1.717619 170.256000
7.888595 -7.719133 1.719312 170.512000
7.867386 -7.787747 1.721526 170.752000
7.854148 -7.830365 1.723038 171.000000
7.854148 -7.830365 1.723038 171.000000
7.836943 -7.884938 1.725702 171.272000
7.823899 -7.925467 1.728497 171.504000
7.810789 -7.965389 1.731697 171.752000
7.799135 -7.999656 1.734991 172.000000
7.789008 -8.028174 1.738946 172.256000
7.789008 -8.028174 1.738946 172.256000
7.782043 -8.047032 1.741747 172.504000
7.773570 -8.068546 1.745425 172.752000
7.773570 -8.068546 1.745425 172.752000
7.759543 -8.099219 1.753053 173.256000
7.759543 -8.099219 1.753053 173.256000
7.753505 -8.110346 1.756075 173.504000
7.746522 -8.121209 1.759966 173.752000
7.739868 -8.129612 1.764195 174.000000
7.734127 -8.135490 1.768350 174.256000
7.734127 -8.135490 1.768350 174.256000
7.729700 -8.139175 1.772057 174.512000
7.724355 -8.142650 1.776915 174.752000
7.720633 -8.144475 1.779744 175.000000
7.720633 -8.144475 1.779744 175.000000
7.718167 -8.129210 1.816953 175.272000
7.725696 -8.097566 1.830370 175.512000
7.804950 -7.973015 1.819498 175.752000
7.916309 -7.858269 1.815591 176.000000
8.038067 -7.746748 1.814474 176.256000
8.038067 -7.746748 1.814474 176.256000
8.182362 -7.618848 1.812839 176.512000
8.294069 -7.522291 1.811758 176.760000
8.365153 -7.462582 1.811421 177.008000
8.467346 -7.379606 1.811572 177.256000
8.467346 -7.379606 1.811572 177.256000
8.560684 -7.307023 1.811993 177.504000
8.618777 -7.263431 1.812962 177.752000
8.695111 -7.207896 1.815153 178.000000
8.775147 -7.151407 1.817823 178.256000
8.775147 -7.151407 1.817823 178.256000
8.815638 -7.123331 1.819720 178.504000
8.873664 -7.083531 1.823346 178.752000
8.930034 -7.045286 1.827173 179.008000
8.960678 -7.024614 1.829813 179.256000
8.960678 -7.024614 1.829813 179.256000
9.003529 -6.995762 1.834635 179.504000
9.030340 -6.977735 1.837805 179.752000
9.058592 -6.958658 1.841797 180.000000
9.083441 -6.941721 1.846359 180.256000
9.083441 -6.941721 1.846359 180.256000
9.105489 -6.926605 1.850803 180.504000
9.124467 -6.913733 1.855484 180.776000
9.138270 -6.904682 1.859624 181.008000
9.154472 -6.894642 1.864519 181.256000
9.154472 -6.894642 1.864519 181.256000
9.172363 -6.884358 1.869001 181.504000
9.181136 -6.879590 1.871250 181.752000
9.195382 -6.872278 1.875045 182.000000
9.206886 -6.866635 1.879981 182.264000
9.206886 -6.866635 1.879981 182.264000
9.206886 -6.866635 1.879981 182.264000
9.117037 -6.838112 1.938452 182.752000
8.877669 -6.837754 1.927944 183.008000
8.662076 -6.863274 1.919098 183.256000
8.662076 -6.863274 1.919098 183.256000
8.267327 -6.924704 1.912094 183.504000
7.966342 -6.974411 1.906501 183.752000
7.629534 -7.033027 1.898772 184.008000
7.299637 -7.096681 1.892740 184.256000
7.299637 -7.096681 1.892740 184.256000
7.016478 -7.157659 1.887214 184.520000
6.851048 -7.196202 1.884070 184.752000
6.594137 -7.260402 1.880185 185.008000
6.386778 -7.315807 1.877333 185.256000
6.386778 -7.315807 1.877333 185.256000
6.204059 -7.367112 1.874309 185.504000
6.052821 -7.411483 1.872166 185.840000
5.939762 -7.445752 1.870900 186.000000
5.816154 -7.484142 1.869364 186.256000
5.816154 -7.484142 1.869364 186.256000
5.695452 -7.522477 1.868348 186.512000
5.627423 -7.544362 1.868307 186.752000
5.533275 -7.574738 1.867789 187.000000
5.469123 -7.595346 1.867708 187.264000
5.469123 -7.595346 1.867708 187.264000
5.402284 -7.616557 1.868256 187.504000
5.338634 -7.636240 1.869043 187.752000
5.289033 -7.651239 1.870037 188.008000
5.242540 -7.665082 1.871872 188.256000
5.242540 -7.665082 1.871872 188.256000
5.213077 -7.673723 1.872938 188.512000
5.177593 -7.684051 1.874064 188.760000
5.148783 -7.692403 1.875203 189.000000
5.121909 -7.700163 1.876365 189.256000
5.121909 -7.700163 1.876365 189.256000
5.097608 -7.707279 1.876449 189.504000
5.069371 -7.716082 1.876235 189.752000
5.047949 -7.723312 1.875467 190.000000
5.029036 -7.730112 1.873870 190.256000
5.029036 -7.730112 1.873870 190.256000
5.015837 -7.735086 1.875655 190.504000
4.972865 -7.741346 1.900682 190.760000
4.859820 -7.741502 1.902239 191.000000
4.674794 -7.724301 1.886089 191.264000
4.674794 -7.724301 1.886089 191.264000
4.452663 -7.688806 1.876002 191.504000
4.231206 -7.646614 1.864181 191.752000
4.004139 -7.599034 1.852757 192.000000
3.749262 -7.540560 1.840131 192.264000
3.749262 -7.540560 1.840131 192.264000
3.611954 -7.506835 1.833588 192.504000
3.432531 -7.460828 1.825158 192.768000
3.278061 -7.419911 1.818202 193.000000
3.121731 -7.377724 1.811254 193.264000
3.121731 -7.377724 1.811254 193.264000
3.028569 -7.352516 1.807114 193.504000
2.919631 -7.323319 1.802657 193.752000
2.822214 -7.297784 1.798630 194.008000
2.766240 -7.283481 1.795654 194.256000
2.766240 -7.283481 1.795654 194.256000
2.695857 -7.266014 1.791754 194.504000
2.628816 -7.250092 1.787829 194.760000
2.566241 -7.235986 1.784067 195.008000
2.533629 -7.228938 1.782164 195.256000
2.533629 -7.228938 1.782164 195.256000
2.490345 -7.220103 1.779431 195.504000
2.451883 -7.212947 1.776582 195.752000
2.418911 -7.207333 1.773808 196.016000
2.393839 -7.203396 1.771664 196.256000
2.393839 -7.203396 1.771664 196.256000
2.369969 -7.200070 1.769635 196.504000
2.349588 -7.197683 1.767766 196.760000
2.337239 -7.196537 1.766572 197.000000
2.321641 -7.195642 1.764771 197.256000
2.321641 -7.195642 1.764771 197.256000
2.307670 -7.195495 1.762258 197.504000
2.296162 -7.195873 1.759981 197.752000
2.287777 -7.196534 1.757975 198.008000
2.276463 -7.193963 1.754137 198.256000
2.276463 -7.193963 1.754137 198.256000
2.262772 -7.166003 1.762199 198.600000
2.228253 -7.013065 1.768666 198.752000
2.221635 -6.872997 1.759884 199.000000
2.230087 -6.707077 1.756808 199.256000
2.230087 -6.707077 1.756808 199.256000
2.247299 -6.520967 1.750113 199.528000
2.261445 -6.405196 1.746321 199.760000
2.287129 -6.247492 1.739678 200.000000
2.316475 -6.111466 1.734276 200.256000
2.316475 -6.111466 1.734276 200.256000
2.344680 -6.002231 1.729247 200.504000
2.374502 -5.899821 1.723988 200.752000
2.405619 -5.802771 1.718644 201.000000
2.424864 -5.746608 1.715300 201.256000
2.424864 -5.746608 1.715300 201.256000
2.452814 -5.669302 1.709591 201.648000
2.477237 -5.604968 1.704098 201.768000
2.496124 -5.557246 1.699359 202.000000
2.514432 -5.512848 1.693873 202.256000
2.514432 -5.512848 1.693873 202.256000
2.531586 -5.473069 1.688358 202.528000
2.543581 -5.446539 1.684046 202.752000
2.557300 -5.417475 1.678902 203.008000
2.570394 -5.390493 1.673489 203.264000
2.570394 -5.390493 1.673489 203.264000
2.578925 -5.373000 1.669653 203.504000
2.591785 -5.346542 1.663541 203.752000
2.598508 -5.332847 1.660040 204.008000
2.608131 -5.313524 1.654653 204.256000
2.608131 -5.313524 1.654653 204.256000
2.613761 -5.302190 1.651247 204.520000
2.619880 -5.289914 1.647337 204.752000
2.625707 -5.278247 1.643318 205.000000
2.630959 -5.267231 1.638897 205.256000
2.630959 -5.267231 1.638897 205.256000
2.635327 -5.257512 1.634637 205.504000
2.638262 -5.250875 1.631218 205.752000
2.639173 -5.245030 1.640027 206.000000
2.594542 -5.253194 1.665930 206.256000
2.594542 -5.253194 1.665930 206.256000
2.446748 -5.305451 1.657184 206.512000
2.265018 -5.404617 1.642741 206.752000
2.052863 -5.561843 1.629130 207.000000
1.919424 -5.677228 1.619981 207.256000
1.919424 -5.677228 1.619981 207.256000
1.770602 -5.813836 1.609978 207.504000
1.618758 -5.958724 1.599230 207.752000
1.571561 -6.004878 1.595465 208.040000
1.385569 -6.192744 1.580426 208.264000
1.385569 -6.192744 1.580426 208.264000
1.297936 -6.284527 1.573159 208.504000
1.214668 -6.373354 1.566711 208.752000
1.140645 -6.453415 1.561301 209.000000
1.069162 -6.531651 1.556286 209.256000
1.069162 -6.531651 1.556286 209.256000
1.011513 -6.595413 1.552506 209.512000
0.972583 -6.638846 1.549838 209.752000
0.921781 -6.695988 1.545850 210.000000
0.889335 -6.732643 1.543119 210.256000
0.889335 -6.732643 1.543119 210.256000
0.852900 -6.773837 1.540084 210.504000
0.815165 -6.816287 1.537324 210.752000
0.791466 -6.842662 1.535833 211.000000
0.791466 -6.842662 1.535833 211.000000
0.763668 -6.873213 1.534196 211.264000
0.737642 -6.901245 1.532711 211.504000
0.714777 -6.925129 1.531531 211.752000
0.693225 -6.946788 1.530654 212.016000
0.672880 -6.966553 1.530009 212.256000
0.672880 -6.966553 1.530009 212.256000
0.660715 -6.978160 1.529715 212.504000
0.640808 -6.996972 1.529104 212.752000
0.625487 -7.011578 1.528906 213.000000
0.615308 -7.021521 1.528646 213.256000
0.615308 -7.021521 1.528646 213.256000
0.600702 -7.036369 1.528060 213.504000
0.589616 -7.048319 1.527265 213.760000
0.582143 -7.056864 1.526519 214.000000
0.572761 -7.068358 1.525294 214.256000
0.572761 -7.068358 1.525294 214.256000
0.563873 -7.079318 1.530430 214.504000
0.536775 -7.085114 1.566469 214.752000
0.435817 -7.086111 1.567084 215.000000
0.278382 -7.077516 1.555920 215.256000
0.278382 -7.077516 1.555920 215.256000
0.032420 -7.059565 1.543758 215.504000
-0.247128 -7.036888 1.533044 215.752000
-0.495414 -7.015907 1.524050 216.000000
-0.780198 -6.991347 1.514908 216.256000
-0.780198 -6.991347 1.514908 216.256000
-0.932945 -6.977872 1.510485 216.504000
-1.143988 -6.959040 1.504762 216.752000
-1.354666 -6.940315 1.499836 217.000000
-1.510571 -6.926522 1.496838 217.256000
-1.510571 -6.926522 1.496838 217.256000
-1.606159 -6.918208 1.495193 217.616000
-1.771652 -6.904521 1.492388 217.752000
-1.883015 -6.895729 1.490610 218.008000
-1.977576 -6.888515 1.489316 218.256000
-1.977576 -6.888515 1.489316 218.256000
-2.065709 -6.882314 1.488982 218.504000
-2.120361 -6.878672 1.489086 218.752000
-2.201786 -6.873378 1.489527 219.000000
-2.242302 -6.870952 1.489695 219.256000
-2.242302 -6.870952 1.489695 219.256000
-2.296663 -6.867945 1.489573 219.504000
-2.346577 -6.865206 1.489106 219.752000
-2.387314 -6.863112 1.488484 220.000000
-2.421728 -6.861458 1.487826 220.256000
-2.421728 -6.861458 1.487826 220.256000
-2.452314 -6.859741 1.487043 220.504000
-2.470284 -6.858602 1.486506 220.768000
-2.495590 -6.856910 1.485157 221.000000
-2.517754 -6.854969 1.483612 221.264000
-2.517754 -6.854969 1.483612 221.264000
-2.529080 -6.853733 1.482728 221.504000
-2.547148 -6.851502 1.480904 221.752000
-2.559961 -6.849305 1.479476 222.000000
-2.571667 -6.846537 1.477791 222.256000
-2.571667 -6.846537 1.477791 222.256000
-2.578720 -6.844621 1.480115 222.504000
-2.620913 -6.835877 1.513131 222.752000
-2.742915 -6.801491 1.516226 223.000000
-2.918500 -6.722571 1.509834 223.264000
-2.918500 -6.722571 1.509834 223.264000
-3.124500 -6.598333 1.500960 223.520000
-3.278084 -6.490182 1.497527 223.760000
-3.477974 -6.340019 1.492894 224.000000
-3.662147 -6.194476 1.489209 224.256000
-3.662147 -6.194476 1.489209 224.256000
-3.757507 -6.115074 1.486978 224.504000
-3.877696 -6.009813 1.484348 224.752000
-4.023590 -5.873933 1.481619 225.016000
-4.087766 -5.811248 1.480570 225.256000
-4.087766 -5.811248 1.480570 225.256000
-4.154183 -5.744327 1.479984 225.504000
-4.235663 -5.659123 1.479667 225.752000
-4.290030 -5.599802 1.479897 226.000000
-4.329503 -5.555041 1.480373 226.256000
-4.329503 -5.555041 1.480373 226.256000
-4.373926 -5.502607 1.481410 226.504000
-4.410454 -5.457550 1.482859 226.752000
-4.439799 -5.419789 1.484427 227.008000
-4.439799 -5.419789 1.484427 227.008000
-4.449185 -5.407364 1.485077 227.288000
-4.486601 -5.355582 1.488729 227.504000
-4.505124 -5.328080 1.491123 227.752000
-4.522840 -5.300065 1.494273 228.008000
-4.532785 -5.283155 1.496614 228.256000
-4.532785 -5.283155 1.496614 228.256000
-4.544773 -5.260621 1.500259 228.504000
-4.553461 -5.241598 1.503796 228.752000
-4.561914 -5.219325 1.508382 229.000000
-4.566387 -5.205402 1.511722 229.256000
-4.566387 -5.205402 1.511722 229.256000
-4.570279 -5.191152 1.515754 229.504000
-4.573558 -5.175601 1.520748 229.752000
-4.575538 -5.161441 1.526006 230.000000
-4.575538 -5.161441 1.526006 230.000000
-4.576283 -5.150561 1.530593 230.392000
-4.576345 -5.143415 1.534028 230.512000
-4.575904 -5.133572 1.539611 230.760000
-4.574966 -5.124201 1.546078 231.008000
-4.573514 -5.115608 1.553485 231.256000
-4.573514 -5.115608 1.553485 231.256000
-4.578696 -5.109184 1.572782 231.504000
-4.645543 -5.090849 1.604090 231.752000
-4.800545 -5.091268 1.597749 232.008000
-5.014543 -5.132545 1.596403 232.256000
-5.014543 -5.132545 1.596403 232.256000
-5.257354 -5.200648 1.599254 232.504000
-5.382417 -5.237898 1.600856 232.752000
-5.576141 -5.295742 1.604371 233.000000
-5.742695 -5.346895 1.607304 233.256000
-5.742695 -5.346895 1.607304 233.256000
-5.742695 -5.346895 1.607304 233.256000
-6.020386 -5.441999 1.614186 233.752000
-6.104930 -5.474806 1.617108 234.000000
-6.216994 -5.521966 1.621925 234.264000
-6.216994 -5.521966 1.621925 234.264000
-6.303217 -5.561403 1.626210 234.504000
-6.382582 -5.600675 1.630593 234.752000
-6.447080 -5.635184 1.634805 235.008000
-6.493103 -5.661479 1.638366 235.256000
-6.493103 -5.661479 1.638366 235.256000
-6.539950 -5.689989 1.642452 235.512000
-6.588290 -5.721944 1.647429 235.760000
-6.623880 -5.747841 1.651388 236.000000
-6.655653 -5.773226 1.655266 236.256000
-6.655653 -5.773226 1.655266 236.256000
-6.675821 -5.790665 1.657961 236.504000
-6.675821 -5.790665 1.657961 236.504000
-6.722846 -5.836852 1.665230 237.000000
-6.742331 -5.858391 1.668956 237.256000
-6.742331 -5.858391 1.668956 237.256000
-6.758552 -5.877374 1.672191 237.504000
-6.771672 -5.893588 1.674821 237.752000
-6.784591 -5.910499 1.677849 238.000000
-6.798339 -5.929979 1.681402 238.256000
-6.798339 -5.929979 1.681402 238.256000
-6.808756 -5.946096 1.684597 238.504000
-6.817833 -5.961017 1.687503 238.752000
-6.823884 -5.971340 1.689502 239.000000
-6.832481 -5.986660 1.692049 239.256000
-6.832481 -5.986660 1.692049 239.256000
-6.839750 -6.000203 1.693495 239.504000
-6.845602 -6.011425 1.694650 239.752000
-6.850443 -6.020991 1.695541 240.056000
-6.856848 -6.034050 1.696198 240.256000
-6.856848 -6.034050 1.696198 240.256000
-6.862001 -6.044561 1.696414 240.504000
-6.870445 -6.056579 1.703675 240.760000
-6.918732 -6.081707 1.723027 241.000000
-7.037024 -6.146768 1.719359 241.256000
-7.037024 -6.146768 1.719359 241.256000
-7.150959 -6.225231 1.709785 241.504000
-7.315822 -6.361002 1.702921 241.752000
-7.464961 -6.496351 1.694778 242.008000
-7.604016 -6.631877 1.687333 242.256000
-7.604016 -6.631877 1.687333 242.256000
-7.682975 -6.714254 1.682845 242.504000
-7.803857 -6.849778 1.675871 242.752000
-7.898753 -6.964589 1.670235 243.000000
-7.898753 -6.964589 1.670235 243.000000
-7.967254 -7.052259 1.666033 243.336000
-8.018458 -7.120319 1.662520 243.512000
-8.071040 -7.192070 1.659012 243.752000
-8.113043 -7.250787 1.656207 244.000000
-8.154696 -7.310526 1.653166 244.256000
-8.154696 -7.310526 1.653166 244.256000
-8.191317 -7.363914 1.650233 244.504000
-8.219909 -7.406437 1.647626 244.752000
-8.242225 -7.440701 1.644811 245.000000
-8.254816 -7.460391 1.642753 245.256000
-8.254816 -7.460391 1.642753 245.256000
-8.273525 -7.490353 1.639026 245.504000
-8.285823 -7.510945 1.636193 245.752000
-8.295750 -7.528010 1.633438 246.000000
-8.306369 -7.546700 1.629908 246.256000
-8.306369 -7.546700 1.629908 246.256000
-8.311372 -7.556056 1.628054 246.544000
-8.318874 -7.570508 1.624751 246.752000
-8.322625 -7.577580 1.622864 247.000000
-8.327660 -7.587596 1.619388 247.256000
-8.327660 -7.587596 1.619388 247.256000
-8.329694 -7.591880 1.617364 247.504000
-8.332579 -7.597790 1.613626 247.752000
-8.334833 -7.602682 1.609489 248.016000
-8.336223 -7.606113 1.605833 248.256000
-8.336223 -7.606113 1.605833 248.256000
-8.337267 -7.608647 1.601864 248.504000
-8.337709 -7.610121 1.598664 248.752000
-8.335917 -7.615844 1.595513 249.000000
-8.335917 -7.615844 1.595513 249.000000
-8.304579 -7.668176 1.612452 249.264000
-8.249015 -7.746618 1.611096 249.504000
-8.148073 -7.860997 1.597449 249.752000
-7.999209 -8.001537 1.591834 250.000000
-7.896847 -8.091972 1.584945 250.256000
-7.896847 -8.091972 1.584945 250.256000
-7.731551 -8.229122 1.575616 250.520000
-7.633323 -8.303372 1.569469 250.752000
-7.508236 -8.389268 1.562146 251.000000
-7.394686 -8.459801 1.555236 251.256000
-7.394686 -8.459801 1.555236 251.256000
-7.327863 -8.498395 1.551037 251.504000
-7.240135 -8.545905 1.545135 251.752000
-7.149556 -8.591096 1.538408 252.000000
-7.089417 -8.618795 1.533619 252.256000
-7.089417 -8.618795 1.533619 252.256000
-7.031361 -8.643603 1.528419 252.504000
-6.980957 -8.663326 1.523403 252.752000
-6.951440 -8.673923 1.520220 253.008000
-6.905640 -8.688763 1.514573 253.256000
-6.905640 -8.688763 1.514573 253.256000
-6.868735 -8.698996 1.509103 253.504000
-6.840311 -8.705480 1.504538 253.760000
-6.814686 -8.710102 1.500022 254.000000
-6.791112 -8.713022 1.495433 254.256000
-6.791112 -8.713022 1.495433 254.256000
-6.773502 -8.714017 1.491714 254.504000
-6.755758 -8.713666 1.487282 254.752000
-6.745095 -8.712595 1.483915 255.000000
-6.731917 -8.709940 1.478907 255.256000
-6.731917 -8.709940 1.478907 255.256000
-6.723276 -8.707099 1.474817 255.512000
-6.714890 -8.702933 1.469578 255.752000
-6.710647 -8.699791 1.466185 256.000000
-6.710647 -8.699791 1.466185 256.000000
-6.707513 -8.696646 1.463050 256.296000
-6.702686 -8.688952 1.455626 256.512000
-6.701178 -8.684892 1.454892 256.752000
-6.656410 -8.667404 1.486842 257.008000
-6.583255 -8.643488 1.479041 257.256000
-6.583255 -8.643488 1.479041 257.256000
-6.398131 -8.575480 1.461554 257.504000
-6.180776 -8.485490 1.449952 257.752000
-5.988632 -8.401335 1.440122 258.008000
-5.801710 -8.315967 1.431162 258.264000
-5.801710 -8.315967 1.431162 258.264000
-5.651548 -8.244234 1.424172 258.512000
-5.471443 -8.153939 1.416877 258.752000
-5.359970 -8.095680 1.412170 259.000000
-5.232823 -8.026863 1.406947 259.264000
-5.232823 -8.026863 1.406947 259.264000
-5.112164 -7.959067 1.401646 259.504000
-5.025440 -7.908680 1.397352 259.752000
-4.932627 -7.852704 1.392417 260.008000
-4.880994 -7.820396 1.389362 260.256000
-4.880994 -7.820396 1.389362 260.256000
-4.816146 -7.778498 1.385004 260.504000
-4.760899 -7.741292 1.380693 260.752000
-4.711418 -7.706132 1.376609 261.000000
-4.671157 -7.675943 1.372585 261.256000
-4.671157 -7.675943 1.372585 261.256000
-4.638547 -7.649882 1.368530 261.512000
-4.619961 -7.633989 1.366249 261.760000
-4.594174 -7.610513 1.362651 262.000000
-4.576379 -7.593221 1.359584 262.256000
-4.576379 -7.593221 1.359584 262.256000
-4.559224 -7.575152 1.356778 262.504000
-4.554935 -7.570396 1.356098 262.768000
-4.535910 -7.548241 1.352696 263.000000
-4.529117 -7.539528 1.351553 263.256000
-4.529117 -7.539528 1.351553 263.256000
-4.521226 -7.528720 1.350513 263.504000
-4.513955 -7.518541 1.348883 263.760000
-4.508718 -7.510698 1.347935 264.008000
-4.504789 -7.504438 1.349964 264.264000
-4.504789 -7.504438 1.349964 264.264000
-4.494085 -7.486992 1.382609 264.504000
-4.453794 -7.402524 1.394953 264.752000
-4.370473 -7.209966 1.382559 265.000000
-4.294013 -7.031689 1.370779 265.256000
-4.294013 -7.031689 1.370779 265.256000
-4.162399 -6.722223 1.357213 265.512000
-4.029053 -6.404218 1.344866 265.752000
-3.920793 -6.145873 1.336369 266.000000
-3.856937 -5.994817 1.331871 266.256000
-3.856937 -5.994817 1.331871 266.256000
-3.764187 -5.777646 1.326007 266.504000
-3.666615 -5.552133 1.321371 266.768000
-3.582315 -5.359780 1.317876 267.000000
-3.516074 -5.209921 1.316319 267.256000
-3.516074 -5.209921 1.316319 267.256000
-3.449880 -5.061801 1.316387 267.512000
-3.397926 -4.947359 1.316752 267.760000
-3.363132 -4.871433 1.317440 268.000000
-3.315797 -4.769046 1.319510 268.256000
-3.315797 -4.769046 1.319510 268.256000
-3.273313 -4.678685 1.321708 268.504000
-3.252113 -4.634264 1.322996 268.752000
-3.221367 -4.570721 1.325518 269.008000
-3.187072 -4.501690 1.328544 269.256000
-3.187072 -4.501690 1.328544 269.256000
-3.170089 -4.468382 1.329993 269.504000
-3.145245 -4.420543 1.332699 269.752000
-3.125486 -4.383642 1.335029 270.016000
-3.113017 -4.360938 1.336644 270.256000
-3.113017 -4.360938 1.336644 270.256000
-3.097516 -4.333401 1.339086 270.512000
-3.086867 -4.315287 1.340939 270.760000
-3.077514 -4.300125 1.342370 271.000000
-3.065857 -4.282092 1.344510 271.264000
-3.065857 -4.282092 1.344510 271.264000
-3.056300 -4.268279 1.346923 271.504000
-3.046891 -4.256304 1.349844 271.760000
-3.042077 -4.251128 1.351506 272.000000
-3.033283 -4.243541 1.354474 272.256000
-3.033283 -4.243541 1.354474 272.256000
-3.027378 -4.239545 1.356998 272.504000
-3.018153 -4.233974 1.370731 272.752000
-2.986121 -4.203387 1.393387 273.000000
-2.918278 -4.117635 1.391226 273.256000
-2.918278 -4.117635 1.391226 273.256000
-2.821210 -3.944380 1.384097 273.512000
-2.750759 -3.791520 1.380105 273.752000
-2.664711 -3.586789 1.373819 274.016000
-2.592850 -3.401793 1.369586 274.256000
-2.592850 -3.401793 1.369586 274.256000
-2.527304 -3.218999 1.365683 274.504000
-2.479626 -3.076183 1.363452 274.752000
-2.446542 -2.971975 1.362310 275.000000
-2.402077 -2.825252 1.361527 275.264000
-2.402077 -2.825252 1.361527 275.264000
-2.367138 -2.704323 1.361519 275.504000
-2.348535 -2.637578 1.361987 275.800000
-2.316036 -2.516000 1.363811 276.008000
-2.302714 -2.463747 1.364878 276.256000
-2.302714 -2.463747 1.364878 276.256000
-2.284957 -2.390885 1.367216 276.504000
-2.270402 -2.327618 1.370393 276.768000
-2.262158 -2.289798 1.372732 277.000000
-2.252798 -2.244111 1.376070 277.264000
-2.252798 -2.244111 1.376070 277.264000
-2.247898 -2.218179 1.378217 277.504000
-2.241658 -2.180921 1.381486 277.752000
-2.238976 -2.161739 1.383365 278.000000
-2.236321 -2.138784 1.386496 278.256000
-2.236321 -2.138784 1.386496 278.256000
-2.234520 -2.120668 1.389522 278.504000
-2.233077 -2.104503 1.392714 278.752000
-2.233077 -2.104503 1.392714 278.752000
-2.231183 -2.084598 1.399080 279.264000
-2.231183 -2.084598 1.399080 279.264000
-2.230526 -2.080025 1.401091 279.504000
-2.229254 -2.072982 1.405219 279.752000
-2.228492 -2.069647 1.407863 280.000000
-2.227328 -2.065458 1.412244 280.256000
-2.227328 -2.065458 1.412244 280.256000
-2.226555 -2.062705 1.416503 280.504000
-2.225992 -2.060965 1.420173 280.752000
-2.225304 -2.059571 1.424252 281.000000
-2.225304 -2.059571 1.424252 281.000000
-2.224548 -2.058552 1.428488 281.272000
-2.223881 -2.057942 1.432069 281.504000
-2.222729 -2.056499 1.445063 281.768000
-2.205119 -2.017488 1.496495 282.008000
-2.205119 -2.017488 1.496495 282.008000
-2.178346 -1.959872 1.497240 282.264000
-2.076754 -1.720579 1.487337 282.512000
-1.990863 -1.504451 1.481387 282.752000
-1.885396 -1.233045 1.477935 283.000000
-1.885396 -1.233045 1.477935 283.000000
-1.780362 -0.959381 1.474401 283.272000
-1.675341 -0.680199 1.473130 283.504000
-1.612089 -0.508025 1.472957 283.752000
-1.538722 -0.303634 1.473875 284.000000
-1.470507 -0.108603 1.476375 284.264000
-1.470507 -0.108603 1.476375 284.264000
-1.408321 0.073848 1.480312 284.504000
-1.369640 0.189766 1.483823 284.752000
-1.322573 0.333595 1.489827 285.000000
-1.278625 0.471222 1.497334 285.264000
-1.278625 0.471222 1.497334 285.264000
-1.249930 0.562614 1.503348 285.504000
-1.228892 0.630042 1.508736 285.752000
-1.204625 0.708074 1.516449 286.000000
-1.187266 0.763656 1.522926 286.264000
-1.187266 0.763656 1.522926 286.264000
-1.164792 0.834108 1.533037 286.504000
-1.155286 0.863242 1.538029 286.752000
-1.139924 0.909443 1.546538 287.000000
-1.126790 0.947902 1.554713 287.264000
-1.126790 0.947902 1.554713 287.264000
-1.113542 0.985508 1.564080 287.520000
-1.103837 1.012449 1.572265 287.752000
-1.097952 1.028858 1.577950 288.000000
-1.089716 1.052594 1.587754 288.256000
-1.089716 1.052594 1.587754 288.256000
-1.083222 1.072566 1.596585 288.504000
-1.078589 1.087743 1.603841 288.760000
-1.075356 1.098827 1.609731 289.000000
-1.071605 1.112362 1.617057 289.264000
-1.071605 1.112362 1.617057 289.264000
-1.068049 1.126018 1.623949 289.504000
-1.065737 1.136170 1.633965 289.752000
-1.077890 1.168645 1.676961 290.000000
-1.131476 1.261315 1.681308 290.256000
-1.131476 1.261315 1.681308 290.256000
-1.241242 1.428342 1.674428 290.512000
-1.347971 1.585872 1.668381 290.752000
-1.505257 1.815323 1.663006 291.016000
-1.674272 2.058818 1.657340 291.256000
-1.674272 2.058818 1.657340 291.256000
-1.829397 2.277599 1.652848 291.504000
-1.957122 2.453208 1.650023 291.768000
-2.056378 2.586711 1.648480 292.000000
-2.181301 2.751128 1.647059 292.256000
-2.181301 2.751128 1.647059 292.256000
-2.250468 2.840424 1.646667 292.504000
-2.360249 2.979616 1.646744 292.752000
-2.417853 3.051317 1.647009 293.000000
-2.500588 3.152246 1.647779 293.256000
-2.500588 3.152246 1.647779 293.256000
-2.565096 3.228751 1.649266 293.504000
-2.620331 3.292269 1.651156 293.752000
-2.670724 3.348134 1.653330 294.000000
-2.711519 3.391418 1.655422 294.256000
-2.711519 3.391418 1.655422 294.256000
-2.753901 3.434014 1.657790 294.520000
-2.774814 3.454018 1.658945 294.752000
-2.809912 3.485866 1.660721 295.000000
-2.840211 3.511391 1.662085 295.256000
-2.840211 3.511391 1.662085 295.256000
-2.864862 3.530875 1.662545 295.504000
-2.887552 3.547988 1.662745 295.752000
-2.902960 3.559128 1.662737 296.000000
-2.923742 3.573513 1.662699 296.256000
-2.923742 3.573513 1.662699 296.256000
-2.940948 3.584945 1.662345 296.504000
-2.951890 3.591929 1.661911 296.760000
-2.966344 3.600755 1.660938 297.000000
-2.979804 3.608689 1.659753 297.264000
-2.979804 3.608689 1.659753 297.264000
-2.990420 3.614753 1.658220 297.504000
-2.998654 3.619725 1.665022 297.752000
-2.998654 3.619725 1.665022 297.752000
-3.111943 3.744598 1.692447 298.264000
-3.111943 3.744598 1.692447 298.264000
-3.221045 3.914997 1.676069 298.504000
-3.344735 4.149809 1.664360 298.752000
-3.466384 4.401300 1.652741 299.000000
-3.466384 4.401300 1.652741 299.000000
-3.545291 4.574405 1.644309 299.256000
-3.650919 4.825772 1.631868 299.504000
-3.701270 4.955853 1.625450 299.752000
-3.775085 5.159442 1.615103 300.000000
-3.828125 5.314947 1.606886 300.256000
-3.828125 5.314947 1.606886 300.256000
-3.871500 5.448098 1.599520 300.512000
-3.898512 5.534018 1.594590 300.752000
-3.932057 5.644452 1.587623 301.000000
-3.932057 5.644452 1.587623 301.000000
-3.954665 5.721810 1.582301 301.440000
-3.983845 5.825860 1.574656 301.512000
-3.998613 5.880383 1.570119 301.752000
-4.019495 5.959821 1.562378 302.008000
-4.030970 6.004683 1.557185 302.256000
-4.030970 6.004683 1.557185 302.256000
-4.044854 6.060488 1.549791 302.504000
-4.050958 6.085962 1.545836 302.752000
-4.061024 6.130239 1.538478 303.000000
-4.068388 6.165458 1.531737 303.256000
-4.068388 6.165458 1.531737 303.256000
-4.073356 6.192095 1.526126 303.512000
-4.077751 6.220067 1.519953 303.752000
-4.080262 6.239257 1.515267 304.000000
-4.082569 6.261164 1.509474 304.264000
-4.082569 6.261164 1.509474 304.264000
-4.083820 6.279670 1.504765 304.504000
-4.084279 6.296291 1.500499 304.760000
-4.084034 6.311031 1.496157 305.008000
-4.082933 6.325010 1.491499 305.256000
-4.082933 6.325010 1.491499 305.256000
-4.081262 6.337874 1.485868 305.504000
-4.104308 6.383532 1.502785 305.752000
-4.157976 6.444548 1.510915 306.000000
-4.318614 6.568943 1.492003 306.264000
-4.318614 6.568943 1.492003 306.264000
-4.510429 6.678472 1.484285 306.520000
-4.740534 6.801032 1.475058 306.768000
-4.867443 6.868442 1.470044 307.000000
-5.065887 6.970271 1.461319 307.256000
-5.065887 6.970271 1.461319 307.256000
-5.277762 7.068029 1.451552 307.504000
-5.335500 7.092290 1.448890 307.768000
-5.588136 7.186441 1.437471 308.000000
-5.707918 7.224365 1.432155 308.256000
-5.707918 7.224365 1.432155 308.256000
-5.822046 7.256449 1.427059 308.504000
-5.929002 7.282378 1.422048 308.752000
-6.017177 7.300127 1.418096 309.000000
-6.085335 7.311164 1.414852 309.264000
-6.085335 7.311164 1.414852 309.264000
-6.169036 7.320864 1.410268 309.512000
-6.207816 7.323690 1.408061 309.752000
-6.272699 7.325694 1.404062 310.008000
-6.313969 7.324894 1.401104 310.264000
-6.313969 7.324894 1.401104 310.264000
-6.355087 7.322029 1.397632 310.504000
-6.393751 7.317047 1.393827 310.752000
-6.404737 7.315182 1.392559 311.000000
-6.452300 7.304066 1.386544 311.256000
-6.452300 7.304066 1.386544 311.256000
-6.469755 7.298483 1.383940 311.504000
-6.492991 7.289721 1.379591 311.752000
-6.505576 7.284130 1.376760 312.000000
-6.526537 7.273093 1.370988 312.264000
-6.526537 7.273093 1.370988 312.264000
-6.537851 7.266240 1.367103 312.504000
-6.549492 7.258246 1.362505 312.752000
-6.560344 7.249604 1.357875 313.000000
-6.571800 7.239503 1.352327 313.264000
-6.571800 7.239503 1.352327 313.264000
-6.577473 7.234022 1.349364 313.504000
-6.585071 7.225579 1.345337 313.752000
-6.591868 7.216866 1.341689 314.000000
-6.591868 7.216866 1.341689 314.000000
-6.593567 7.214511 1.340727 314.312000
-6.592933 7.212121 1.356660 314.512000
-6.524480 7.289341 1.386438 314.752000
-6.338952 7.425654 1.364293 315.008000
-6.114588 7.534765 1.348736 315.264000
-6.114588 7.534765 1.348736 315.264000
-5.745394 7.672804 1.341798 315.512000
-5.430589 7.782424 1.332722 315.752000
-5.229860 7.853574 1.328904 316.000000
-4.961283 7.950867 1.324614 316.264000
-4.961283 7.950867 1.324614 316.264000
-4.676682 8.055389 1.320285 316.504000
-4.496299 8.122077 1.318362 316.752000
-4.316187 8.189353 1.316971 317.000000
-4.316187 8.189353 1.316971 317.000000
-4.146134 8.254012 1.316535 317.272000
-3.996837 8.312546 1.317055 317.544000
-3.843549 8.375842 1.318143 317.752000
-3.735515 8.423335 1.319559 318.000000
-3.664226 8.456464 1.321192 318.256000
-3.664226 8.456464 1.321192 318.256000
-3.566452 8.505215 1.323838 318.504000
-3.496466 8.543257 1.326385 318.752000
-3.424222 8.586117 1.329845 319.000000
-3.369181 8.621895 1.333161 319.256000
-3.369181 8.621895 1.333161 319.256000
-3.332734 8.647458 1.335612 319.504000
-3.287160 8.681958 1.339289 319.752000
-3.247812 8.714431 1.342890 320.000000
-3.247812 8.714431 1.342890 320.000000
-3.224317 8.735252 1.345119 320.264000
-3.192775 8.765291 1.348217 320.504000
-3.162484 8.797154 1.350945 320.768000
-3.145805 8.816531 1.352465 321.000000
-3.132198 8.833667 1.353714 321.264000
-3.132198 8.833667 1.353714 321.264000
-3.114082 8.858749 1.356019 321.504000
-3.101648 8.877876 1.357495 321.752000
-3.088916 8.899707 1.359832 322.000000
-3.076838 8.913164 1.377401 322.256000
-3.076838 8.913164 1.377401 322.256000
-2.993170 8.938524 1.396565 322.512000
-2.845239 8.958785 1.385275 322.752000
-2.655462 8.975327 1.380112 323.008000
-2.426625 8.991070 1.372504 323.256000
-2.426625 8.991070 1.372504 323.256000
-2.281862 8.999834 1.368293 323.504000
-2.033502 9.013545 1.361131 323.760000
-2.033502 9.013545 1.361131 323.760000
-1.711952 9.029583 1.352411 324.256000
-1.711952 9.029583 1.352411 324.256000
-1.579632 9.036318 1.349014 324.504000
-1.447948 9.043255 1.345642 324.760000
-1.313255 9.050492 1.341648 325.008000
-1.211492 9.056444 1.338222 325.256000
-1.211492 9.056444 1.338222 325.256000
-1.118907 9.062388 1.335050 325.504000
-1.035347 9.068126 1.331505 325.760000
-0.981383 9.072265 1.328844 326.000000
-0.908324 9.078631 1.325341 326.256000
-0.908324 9.078631 1.325341 326.256000
-0.852627 9.083739 1.322037 326.520000
-0.818436 9.087022 1.319759 326.752000
-0.771440 9.091874 1.316323 327.000000
-0.771440 9.091874 1.316323 327.000000
-0.717292 9.097662 1.310550 327.376000
-0.706855 9.098877 1.309132 327.504000
-0.679071 9.102446 1.305307 327.760000
-0.654780 9.105719 1.301113 328.000000
-0.654780 9.105719 1.301113 328.000000
-0.630971 9.109079 1.295967 328.272000
-0.617333 9.111280 1.292725 328.520000
-0.600665 9.114024 1.288472 328.752000
-0.584581 9.116407 1.283164 329.008000
-0.572462 9.118244 1.279421 329.256000
-0.572462 9.118244 1.279421 329.256000
-0.537624 9.119980 1.319042 329.520000
-0.433360 9.121121 1.318444 329.752000
-0.301192 9.121526 1.307783 330.000000
-0.301192 9.121526 1.307783 330.000000
0.011297 9.121477 1.286913 330.264000
0.111209 9.121188 1.282241 330.528000
0.582869 9.118629 1.260803 330.752000
0.821458 9.116786 1.251301 331.000000
1.082100 9.113995 1.241292 331.264000
1.082100 9.113995 1.241292 331.264000
1.324892 9.110674 1.232733 331.504000
1.522895 9.107739 1.227064 331.752000
1.704619 9.104763 1.222323 332.000000
1.831526 9.102541 1.219127 332.256000
1.831526 9.102541 1.219127 332.256000
1.997156 9.099748 1.215576 332.504000
2.099081 9.097984 1.213630 332.752000
2.203280 9.096029 1.211652 333.000000
2.311504 9.094149 1.209686 333.256000
2.311504 9.094149 1.209686 333.256000
2.311504 9.094149 1.209686 333.256000
2.444604 9.091514 1.208173 333.752000
2.511621 9.089702 1.207338 334.000000
2.574404 9.087697 1.207806 334.264000
2.574404 9.087697 1.207806 334.264000
2.626478 9.085528 1.208105 334.504000
2.658975 9.083966 1.208167 334.752000
2.701944 9.081626 1.209479 335.000000
2.724669 9.079932 1.210351 335.256000
2.724669 9.079932 1.210351 335.256000
2.754436 9.076980 1.211038 335.512000
2.781760 9.073526 1.212122 335.752000
2.802957 9.069892 1.212666 336.024000
2.817758 9.066664 1.212622 336.256000
2.817758 9.066664 1.212622 336.256000
2.835980 9.061928 1.211913 336.504000
2.856933 9.052372 1.216121 336.856000
2.971876 8.980374 1.235519 337.000000
3.064789 8.913497 1.226594 337.256000
3.064789 8.913497 1.226594 337.256000
3.203617 8.795874 1.224916 337.504000
3.335554 8.670006 1.220104 337.752000
3.461372 8.540038 1.215458 338.000000
3.557685 8.433450 1.212231 338.264000
3.557685 8.433450 1.212231 338.264000
3.658344 8.314331 1.208681 338.504000
3.746278 8.203909 1.205604 338.760000
3.821148 8.106073 1.203410 339.000000
3.890797 8.012087 1.201448 339.264000
3.890797 8.012087 1.201448 339.264000
3.934619 7.951634 1.200052 339.504000
3.990329 7.873858 1.198897 339.752000
4.036871 7.808441 1.197906 340.000000
4.076117 7.753270 1.196865 340.256000
4.076117 7.753270 1.196865 340.256000
4.115145 7.698646 1.196279 340.512000
4.143937 7.658060 1.196208 340.752000
4.176331 7.611450 1.195734 341.008000
4.205172 7.569107 1.195255 341.256000
4.205172 7.569107 1.195255 341.256000
4.232383 7.528476 1.195445 341.512000
4.247405 7.505635 1.195324 341.752000
4.268091 7.473797 1.195217 342.000000
4.288444 7.441936 1.195719 342.256000
4.288444 7.441936 1.195719 342.256000
4.300640 7.422258 1.195873 342.504000
4.315458 7.397713 1.195606 342.752000
4.315458 7.397713 1.195606 342.752000
4.342928 7.349464 1.194853 343.256000
4.342928 7.349464 1.194853 343.256000
4.352436 7.330914 1.193781 343.504000
4.360102 7.315184 1.193351 343.752000
4.366687 7.300618 1.193072 344.000000
4.380776 7.284233 1.199457 344.256000
4.380776 7.284233 1.199457 344.256000
4.459395 7.266042 1.217559 344.504000
4.614434 7.269402 1.206497 344.752000
4.787022 7.301629 1.203571 345.000000
4.955536 7.340989 1.199940 345.256000
4.955536 7.340989 1.199940 345.256000
5.101076 7.376689 1.196703 345.512000
5.278706 7.424535 1.191916 345.752000
5.390082 7.458930 1.188406 346.000000
5.390082 7.458930 1.188406 346.000000
5.561741 7.521506 1.183711 346.384000
5.639200 7.554405 1.181311 346.504000
5.731175 7.597635 1.178366 346.752000
5.793419 7.629672 1.176614 347.008000
5.867490 7.671580 1.174691 347.264000
5.867490 7.671580 1.174691 347.264000
5.926377 7.708597 1.172777 347.512000
5.987801 7.751723 1.170919 347.752000
6.022999 7.779618 1.169467 348.000000
6.059869 7.812694 1.167091 348.264000
6.059869 7.812694 1.167091 348.264000
6.082331 7.835549 1.165450 348.504000
6.105994 7.863055 1.163908 348.752000
6.125124 7.889469 1.161837 349.000000
6.140070 7.914670 1.160193 349.256000
6.140070 7.914670 1.160193 349.256000
6.143664 7.921713 1.159970 349.624000
6.157701 7.957151 1.158172 349.760000
6.161992 7.974468 1.156878 350.008000
6.164635 7.992703 1.155865 350.256000
6.164635 7.992703 1.155865 350.256000
6.165379 8.005482 1.154848 350.504000
6.164927 8.022342 1.153056 350.752000
6.163383 8.035815 1.152009 351.000000
6.161135 8.048568 1.151984 351.256000
6.161135 8.048568 1.151984 351.256000
6.159572 8.055927 1.152938 351.504000
6.157335 8.065436 1.154347 351.752000
6.154975 8.073957 1.155994 352.000000
6.168015 8.084916 1.182132 352.256000
6.168015 8.084916 1.182132 352.256000
6.234866 8.099320 1.187405 352.504000
6.234866 8.099320 1.187405 352.504000
6.524842 8.131019 1.177667 353.008000
6.675768 8.143124 1.173822 353.256000
6.675768 8.143124 1.173822 353.256000
6.828568 8.154098 1.171525 353.504000
7.028502 8.166824 1.169091 353.752000
7.169777 8.174838 1.168250 354.016000
7.282463 8.180818 1.167683 354.256000
7.282463 8.180818 1.167683 354.256000
7.415536 8.187653 1.167823 354.504000
7.496649 8.191827 1.168548 354.752000
7.601501 8.197418 1.169620 355.008000
7.701561 8.203238 1.171114 355.256000
7.701561 8.203238 1.171114 355.256000
7.783772 8.208507 1.172567 355.512000
7.853549 8.213341 1.174076 355.752000
7.909286 8.217536 1.175560 356.024000
7.958570 8.221585 1.177675 356.256000
7.958570 8.221585 1.177675 356.256000
8.006490 8.225788 1.179840 356.512000
8.046124 8.229478 1.182051 356.760000
8.082199 8.232960 1.185044 357.008000
8.115107 8.236153 1.188283 357.256000
8.115107 8.236153 1.188283 357.256000
8.140034 8.238609 1.190979 357.504000
8.166235 8.241317 1.194771 357.752000
8.187462 8.243568 1.198206 358.008000
8.208282 8.245837 1.202159 358.256000
8.208282 8.245837 1.202159 358.256000
8.222362 8.247461 1.205762 358.504000
8.241263 8.249748 1.212092 358.752000
8.252252 8.251118 1.216305 359.000000
8.252252 8.251118 1.216305 359.000000
8.260694 8.252238 1.220061 359.312000
8.276097 8.254095 1.233556 359.504000
8.278774 8.232049 1.277152 359.752000
8.248060 8.168329 1.278211 360.000000
8.166671 8.085342 1.274980 360.256000
8.166671 8.085342 1.274980 360.256000
8.076490 8.013343 1.276134 360.504000
7.943776 7.916252 1.278508 360.760000
7.831700 7.835136 1.282215 361.000000
7.724738 7.757475 1.286042 361.256000
7.724738 7.757475 1.286042 361.256000
7.660508 7.711479 1.288707 361.504000
7.584565 7.658337 1.292352 361.752000
7.509991 7.607072 1.296974 362.000000
7.438937 7.557928 1.302706 362.256000
7.438937 7.557928 1.302706 362.256000
7.393393 7.525528 1.307469 362.512000
7.344309 7.489157 1.314072 362.752000
7.312688 7.464565 1.319058 363.008000
7.268865 7.428291 1.327140 363.264000
7.268865 7.428291 1.327140 363.264000
7.244692 7.406916 1.332226 363.504000
7.216936 7.380924 1.338846 363.752000
7.191172 7.354938 1.345850 364.000000
7.166870 7.328372 1.353489 364.264000
7.166870 7.328372 1.353489 364.264000
7.148198 7.306315 1.360332 364.504000
7.132916 7.286788 1.366562 364.752000
7.119181 7.267613 1.372709 365.000000
7.107088 7.248906 1.378858 365.256000
7.107088 7.248906 1.378858 365.256000
7.098983 7.234998 1.383417 365.504000
7.089137 7.215834 1.389440 365.752000
7.081272 7.198259 1.394995 366.016000
7.081272 7.198259 1.394995 366.016000
7.075194 7.182637 1.399818 366.264000
7.071064 7.170325 1.403573 366.504000
7.067277 7.157768 1.405703 366.752000
7.060451 7.113004 1.421895 367.000000
7.052910 6.996860 1.437956 367.256000
7.052910 6.996860 1.437956 367.256000
7.057988 6.870330 1.433321 367.512000
7.079816 6.708696 1.438902 367.760000
7.093791 6.626326 1.438983 368.000000
7.126086 6.462440 1.441053 368.264000
7.126086 6.462440 1.441053 368.264000
7.160666 6.325120 1.442451 368.504000
7.186528 6.241277 1.443932 368.752000
7.224186 6.136543 1.446884 369.000000
7.253212 6.064900 1.449873 369.264000
7.253212 6.064900 1.449873 369.264000
7.282056 5.999363 1.453420 369.504000
7.305128 5.950361 1.456911 369.752000
7.332761 5.895267 1.461625 370.008000
7.353677 5.855943 1.466057 370.256000
7.353677 5.855943 1.466057 370.256000
7.370956 5.824768 1.470430 370.504000
7.389123 5.793362 1.475691 370.760000
7.403804 5.769291 1.480713 371.000000
7.413522 5.754146 1.484663 371.256000
7.413522 5.754146 1.484663 371.256000
7.423673 5.738994 1.489588 371.504000
7.433909 5.724331 1.495793 371.752000
7.433909 5.724331 1.495793 371.752000
7.447109 5.707449 1.506361 372.256000
7.447109 5.707449 1.506361 372.256000
7.450644 5.703553 1.510116 372.504000
7.454885 5.699401 1.515559 372.752000
7.458165 5.696761 1.520617 373.000000
7.460610 5.695278 1.525763 373.264000
7.460610 5.695278 1.525763 373.264000
7.461950 5.695058 1.530773 373.504000
7.462445 5.695610 1.534421 373.752000
7.462787 5.697487 1.539550 374.000000
7.462957 5.700136 1.543797 374.256000
7.462957 5.700136 1.543797 374.256000
7.463037 5.703368 1.547409 374.504000
7.462970 5.707475 1.550837 374.768000
7.462838 5.710574 1.552938 375.000000
7.462838 5.710574 1.552938 375.000000
7.462343 5.714332 1.577532 375.368000
7.455654 5.710212 1.588790 375.504000
7.441418 5.704322 1.582838 375.752000
7.413706 5.698043 1.581297 376.000000
7.369863 5.693623 1.575077 376.256000
7.369863 5.693623 1.575077 376.256000
7.342170 5.691674 1.575000 376.504000
7.320149 5.689103 1.573526 376.760000
7.290216 5.683386 1.571155 377.000000
7.271659 5.679258 1.568961 377.256000
7.271659 5.679258 1.568961 377.256000
7.249310 5.674689 1.566148 377.504000
7.234368 5.671986 1.564390 377.752000
7.213804 5.668443 1.561991 378.000000
7.202465 5.666351 1.560681 378.256000
7.202465 5.666351 1.560681 378.256000
7.184870 5.662358 1.558468 378.560000
7.171890 5.658431 1.557076 378.768000
7.158744 5.653353 1.556187 379.000000
7.147955 5.648244 1.555740 379.256000
7.147955 5.648244 1.555740 379.256000
7.137095 5.642165 1.555407 379.504000
7.125608 5.634684 1.555198 379.752000
7.117045 5.628442 1.555098 380.008000
7.117045 5.628442 1.555098 380.008000
7.106618 5.620011 1.555188 380.272000
7.100323 5.614413 1.555177 380.504000
7.092407 5.606864 1.554942 380.752000
7.085232 5.599535 1.555028 381.008000
7.078522 5.592222 1.555232 381.256000
7.078522 5.592222 1.555232 381.256000
7.071016 5.583483 1.555395 381.504000
7.065042 5.576096 1.555548 381.752000
7.060442 5.570154 1.555608 382.008000
7.053394 5.558585 1.562046 382.256000
7.053394 5.558585 1.562046 382.256000
7.039567 5.511402 1.576452 382.520000
7.033690 5.410622 1.569115 382.752000
7.042471 5.295445 1.569260 383.000000
7.058414 5.164765 1.565064 383.256000
7.058414 5.164765 1.565064 383.256000
7.078914 5.034027 1.562255 383.504000
7.094673 4.950743 1.559938 383.752000
7.121284 4.830474 1.556984 384.008000
7.147029 4.728985 1.555365 384.256000
7.147029 4.728985 1.555365 384.256000
7.171976 4.639535 1.554386 384.504000
7.171976 4.639535 1.554386 384.504000
7.209739 4.514509 1.553522 385.000000
7.230746 4.449832 1.553476 385.256000
7.230746 4.449832 1.553476 385.256000
7.244096 4.410592 1.553618 385.504000
7.259756 4.366267 1.553791 385.752000
7.274993 4.325664 1.553763 386.000000
7.288753 4.291768 1.553613 386.264000
7.288753 4.291768 1.553613 386.264000
7.302071 4.261632 1.553376 386.512000
7.309507 4.245982 1.553227 386.760000
7.323496 4.218849 1.552913 387.000000
7.333473 4.201054 1.552937 387.256000
7.333473 4.201054 1.552937 387.256000
7.339778 4.190377 1.553009 387.504000
7.350281 4.173482 1.553267 387.752000
7.350281 4.173482 1.553267 387.752000
7.366118 4.149725 1.555138 388.256000
7.366118 4.149725 1.555138 388.256000
7.371310 4.142329 1.556414 388.504000
7.377522 4.133752 1.558208 388.752000
7.390499 4.125978 1.585099 389.008000
7.439719 4.125450 1.607623 389.256000
7.439719 4.125450 1.607623 389.256000
7.506333 4.145620 1.596424 389.504000
7.635343 4.230560 1.587814 389.752000
7.752019 4.338498 1.581163 390.008000
7.851431 4.440665 1.576169 390.272000
7.851431 4.440665 1.576169 390.272000
7.944212 4.535576 1.575109 390.504000
8.001641 4.592884 1.574380 390.752000
8.082451 4.673472 1.573172 391.000000
8.082451 4.673472 1.573172 391.000000
8.126847 4.719379 1.572397 391.280000
8.211581 4.815650 1.570630 391.512000
8.246965 4.861469 1.570093 391.760000
8.282526 4.912524 1.569678 392.000000
8.313283 4.962135 1.569834 392.256000
8.313283 4.962135 1.569834 392.256000
8.339080 5.009377 1.570500 392.504000
8.359990 5.053498 1.571687 392.776000
8.370077 5.077658 1.572794 393.000000
8.383748 5.114954 1.575154 393.256000
8.383748 5.114954 1.575154 393.256000
8.390570 5.136735 1.576846 393.504000
8.397250 5.162485 1.578987 393.768000
8.401680 5.184931 1.581106 394.000000
8.404339 5.204706 1.583647 394.256000
8.404339 5.204706 1.583647 394.256000
8.405344 5.220992 1.586280 394.504000
8.405503 5.234402 1.588779 394.752000
8.405403 5.245402 1.591161 395.000000
8.405059 5.255247 1.593658 395.256000
8.405059 5.255247 1.593658 395.256000
8.404619 5.262516 1.595876 395.504000
8.404041 5.269646 1.598213 395.768000
8.403486 5.274103 1.599873 396.016000
8.402687 5.278695 1.601665 396.264000
8.402687 5.278695 1.601665 396.264000
8.389366 5.294850 1.627027 396.512000
8.344480 5.323787 1.631825 396.752000
8.286944 5.344432 1.624832 397.000000
8.166570 5.368415 1.623633 397.264000
8.166570 5.368415 1.623633 397.264000
8.056555 5.385883 1.621328 397.504000
7.951711 5.402821 1.619283 397.760000
7.841834 5.418957 1.615952 398.000000
7.768733 5.427224 1.613875 398.256000
7.768733 5.427224 1.613875 398.256000
7.684532 5.433600 1.611260 398.504000
7.603466 5.436594 1.608439 398.752000
7.521367 5.436730 1.605662 399.000000
7.464419 5.435290 1.603476 399.256000
7.464419 5.435290 1.603476 399.256000
7.428461 5.433781 1.601958 399.504000
7.374043 5.430615 1.599544 399.752000
7.326654 5.427017 1.597566 400.000000
7.297919 5.424456 1.595744 400.256000
7.297919 5.424456 1.595744 400.256000
7.263867 5.421048 1.593324 400.504000
7.263867 5.421048 1.593324 400.504000
7.217527 5.415594 1.589402 401.000000
7.201548 5.413191 1.587703 401.256000
7.201548 5.413191 1.587703 401.256000
7.189386 5.410956 1.586195 401.504000
7.175204 5.407662 1.584383 401.752000
7.164051 5.404218 1.582896 402.008000
7.156012 5.400839 1.581627 402.264000
7.156012 5.400839 1.581627 402.264000
7.151927 5.398573 1.580849 402.504000
7.146756 5.394833 1.579561 402.760000
7.143642 5.391719 1.578580 403.000000
7.140963 5.387629 1.577590 403.256000
7.140963 5.387629 1.577590 403.256000
7.139723 5.383914 1.576873 403.504000
7.139457 5.381596 1.576515 403.752000
7.135527 5.377725 1.595632 404.048000
7.079852 5.374805 1.628200 404.256000
7.079852 5.374805 1.628200 404.256000
6.954597 5.374444 1.615442 404.504000
6.719488 5.376475 1.603657 404.752000
6.529428 5.378428 1.596079 405.008000
6.290186 5.380756 1.587774 405.256000
6.290186 5.380756 1.587774 405.256000
6.008942 5.382924 1.578416 405.504000
5.764055 5.384001 1.571596 405.752000
5.609831 5.384294 1.567690 406.000000
5.411542 5.384127 1.563505 406.256000
5.411542 5.384127 1.563505 406.256000
5.241299 5.383325 1.560202 406.504000
5.095947 5.382152 1.557620 406.752000
5.095947 5.382152 1.557620 406.752000
4.887106 5.379293 1.554527 407.264000
4.887106 5.379293 1.554527 407.264000
4.786505 5.377154 1.553144 407.504000
4.701649 5.374906 1.552005 407.752000
4.621084 5.372155 1.550666 408.000000
4.551929 5.369127 1.549402 408.256000
4.551929 5.369127 1.549402 408.256000
4.494245 5.366248 1.548072 408.504000
4.455998 5.364140 1.547009 408.752000
4.411857 5.361437 1.545658 409.008000
4.374007 5.358855 1.544114 409.256000
4.374007 5.358855 1.544114 409.256000
4.338924 5.356056 1.542564 409.504000
4.317906 5.354021 1.541299 409.752000
4.292326 5.351209 1.539728 410.000000
4.292326 5.351209 1.539728 410.000000
4.278246 5.349495 1.538812 410.320000
4.258172 5.346631 1.537404 410.504000
4.242883 5.344207 1.536240 410.752000
4.228664 5.342047 1.535147 411.000000
4.217313 5.340329 1.533964 411.264000
4.217313 5.340329 1.533964 411.264000
4.207114 5.338864 1.532772 411.504000
4.199576 5.338008 1.531544 411.752000
4.191144 5.337263 1.530069 412.000000
4.183700 5.336806 1.532997 412.256000
4.183700 5.336806 1.532997 412.256000
4.143254 5.341824 1.570623 412.512000
4.079837 5.353307 1.576053 412.752000
3.872490 5.399925 1.579884 413.008000
3.513946 5.489232 1.561176 413.264000
3.513946 5.489232 1.561176 413.264000
3.389268 5.521617 1.555630 413.504000
2.868747 5.660097 1.540243 413.752000
2.393092 5.788620 1.527226 414.000000
2.072036 5.875755 1.519886 414.264000
2.072036 5.875755 1.519886 414.264000
1.775388 5.956434 1.513943 414.504000
1.451792 6.044853 1.508820 414.752000
1.259604 6.097605 1.506416 415.000000
0.948541 6.183118 1.503628 415.256000
0.948541 6.183118 1.503628 415.256000
0.755565 6.236146 1.502253 415.512000
0.628294 6.271084 1.501816 415.752000
0.420157 6.327953 1.501790 416.000000
0.309920 6.357885 1.502075 416.256000
0.309920 6.357885 1.502075 416.256000
0.188658 6.390782 1.502560 416.504000
0.088997 6.417795 1.503137 416.768000
-0.021426 6.447573 1.504173 417.000000
-0.106645 6.470582 1.505267 417.264000
-0.106645 6.470582 1.505267 417.264000
-0.166291 6.486709 1.506319 417.504000
-0.245035 6.507889 1.507955 417.760000
-0.280984 6.517620 1.508894 418.000000
-0.345096 6.535262 1.510952 418.256000
-0.345096 6.535262 1.510952 418.256000
-0.375049 6.543579 1.512074 418.504000
-0.419964 6.556253 1.514011 418.768000
-0.461418 6.568488 1.515980 419.000000
-0.489190 6.576972 1.517657 419.256000
-0.489190 6.576972 1.517657 419.256000
-0.520793 6.586898 1.519771 419.504000
-0.537253 6.592203 1.520877 419.760000
-0.565032 6.601290 1.523019 420.008000
-0.583526 6.607554 1.524174 420.256000
-0.583526 6.607554 1.524174 420.256000
-0.600614 6.613913 1.531986 420.504000
-0.625031 6.628002 1.559451 420.752000
-0.721392 6.709553 1.567443 421.000000
-0.826092 6.817097 1.559734 421.256000
-0.826092 6.817097 1.559734 421.256000
-1.004116 7.012480 1.550944 421.504000
-1.185217 7.218206 1.544230 421.752000
-1.348919 7.408190 1.539161 422.000000
-1.525929 7.616230 1.535389 422.264000
-1.525929 7.616230 1.535389 422.264000
-1.674043 7.791176 1.533904 422.504000
-1.795952 7.935695 1.534117 422.776000
-1.795952 7.935695 1.534117 422.776000
-2.009375 8.190681 1.537963 423.264000
-2.009375 8.190681 1.537963 423.264000
-2.081925 8.277922 1.540214 423.504000
-2.176688 8.392158 1.544686 423.752000
-2.251969 8.482985 1.549542 424.008000
-2.302834 8.544301 1.553402 424.256000
-2.302834 8.544301 1.553402 424.256000
-2.358305 8.611044 1.558744 424.504000
-2.405462 8.667473 1.564216 424.752000
-2.453149 8.724145 1.571183 425.008000
-2.478857 8.754623 1.575626 425.256000
-2.478857 8.754623 1.575626 425.256000
-2.508177 8.789390 1.581580 425.504000
-2.544293 8.832298 1.590121 425.752000
-2.567972 8.860912 1.597179 426.000000
-2.567972 8.860912 1.597179 426.000000
-2.590558 8.889140 1.605402 426.400000
-2.603313 8.905647 1.610848 426.504000
-2.616841 8.923712 1.617268 426.752000
-2.632748 8.945763 1.626506 427.000000
-2.641846 8.958795 1.632875 427.256000
-2.641846 8.958795 1.632875 427.256000
-2.652280 8.973145 1.646808 427.504000
-2.700284 8.984771 1.684949 427.752000
-2.793523 8.985770 1.695721 428.008000
-3.027469 8.955749 1.693706 428.256000
-3.027469 8.955749 1.693706 428.256000
-3.329213 8.896811 1.686710 428.504000
-3.638519 8.827940 1.683993 428.752000
-3.866367 8.774162 1.681880 429.000000
-4.177831 8.697271 1.679462 429.256000
-4.177831 8.697271 1.679462 429.256000
-4.514131 8.610655 1.679224 429.512000
-4.679591 8.567038 1.679763 429.752000
-4.963618 8.491168 1.682558 430.000000
-5.168041 8.436136 1.686601 430.264000
-5.168041 8.436136 1.686601 430.264000
-5.311366 8.397553 1.690810 430.504000
-5.468035 8.355382 1.696937 430.752000
-5.576469 8.326092 1.702581 431.000000
-5.737676 8.282307 1.712813 431.256000
-5.737676 8.282307 1.712813 431.256000
-5.809216 8.262776 1.717919 431.504000
-5.906973 8.236037 1.726412 431.760000
-5.991081 8.213118 1.735391 432.000000
-6.063552 8.193564 1.743780 432.256000
-6.063552 8.193564 1.743780 432.256000
-6.063552 8.193564 1.743780 432.256000
-6.172153 8.164815 1.760395 432.752000
-6.202156 8.157103 1.765682 433.000000
-6.242785 8.146840 1.773867 433.256000
-6.242785 8.146840 1.773867 433.256000
-6.276845 8.138384 1.782006 433.504000
-6.313369 8.129516 1.791579 433.752000
-6.332909 8.124828 1.797224 434.000000
-6.358779 8.118617 1.805826 434.256000
-6.358779 8.118617 1.805826 434.256000
-6.377896 8.114053 1.817216 434.504000
-6.434580 8.102264 1.860462 434.752000
-6.515756 8.090132 1.866191 435.008000
-6.721809 8.088993 1.868698 435.256000
-6.721809 8.088993 1.868698 435.256000
-6.882466 8.107361 1.866013 435.512000
-7.131304 8.157513 1.866480 435.880000
-7.259410 8.188364 1.867977 436.000000
-7.451921 8.237288 1.870785 436.256000
-7.451921 8.237288 1.870785 436.256000
-7.613227 8.280582 1.873357 436.504000
-7.753052 8.319981 1.876343 436.752000
-7.832579 8.342870 1.877943 437.008000
-7.963358 8.380075 1.882106 437.264000
-7.963358 8.380075 1.882106 437.264000
-8.029937 8.398132 1.885400 437.504000
-8.117901 8.420230 1.889783 437.760000
-8.164414 8.430704 1.892667 438.008000
-8.225191 8.442527 1.897794 438.256000
-8.225191 8.442527 1.897794 438.256000
-8.272050 8.449712 1.902173 438.504000
-8.318573 8.454775 1.907456 438.752000
-8.318573 8.454775 1.907456 438.752000
-8.388378 8.457426 1.918952 439.256000
-8.388378 8.457426 1.918952 439.256000
-8.421584 8.455844 1.925077 439.512000
-8.441105 8.453881 1.929621 439.752000
-8.467563 8.449602 1.936339 440.000000
-8.482689 8.446215 1.940321 440.256000
-8.482689 8.446215 1.940321 440.256000
-8.501760 8.441087 1.945462 440.520000
-8.514658 8.437189 1.948555 440.760000
-8.529472 8.432269 1.953080 441.008000
-8.541903 8.427444 1.957038 441.256000
-8.541903 8.427444 1.957038 441.256000
-8.552752 8.422502 1.960097 441.504000
-8.560670 8.418430 1.962921 441.752000
-8.570154 8.412779 1.966522 442.000000
-8.570154 8.412779 1.966522 442.000000
-8.580111 8.405580 1.969758 442.336000
-8.583217 8.401121 1.974902 442.512000
-8.564343 8.384542 1.997761 442.752000
-8.481148 8.312622 2.023113 443.008000
-8.351526 8.141310 2.013249 443.256000
-8.351526 8.141310 2.013249 443.256000
-8.194242 7.784747 1.997225 443.512000
-8.127422 7.586150 1.991938 443.760000
-8.014496 7.221066 1.985169 444.000000
-7.909547 6.881473 1.980151 444.256000
-7.909547 6.881473 1.980151 444.256000
-7.850344 6.687407 1.976996 444.504000
-7.767141 6.397397 1.971697 444.760000
-7.722401 6.227867 1.968435 445.000000
-7.666813 6.002136 1.964519 445.256000
-7.666813 6.002136 1.964519 445.256000
-7.619663 5.798545 1.962595 445.584000
-7.607830 5.745947 1.962279 445.752000
-7.578039 5.612300 1.962446 446.008000
-7.550649 5.489819 1.964564 446.264000
-7.550649 5.489819 1.964564 446.264000
-7.530983 5.402860 1.966822 446.512000
-7.517467 5.344192 1.968729 446.752000
-7.500934 5.274505 1.972009 447.000000
-7.488227 5.222413 1.975021 447.256000
-7.488227 5.222413 1.975021 447.256000
-7.475500 5.171996 1.977705 447.512000
-7.464409 5.130882 1.980653 447.768000
-7.453226 5.092249 1.984241 448.000000
-7.443779 5.061829 1.987339 448.256000
-7.443779 5.061829 1.987339 448.256000
-7.438085 5.044846 1.989730 448.504000
-7.429869 5.022111 1.993720 448.752000
-7.422396 5.002942 1.997585 449.000000
-7.417290 4.990798 2.000792 449.256000
-7.417290 4.990798 2.000792 449.256000
-7.410510 4.975855 2.005980 449.504000
-7.404835 4.964171 2.010086 449.752000
-7.400138 4.955247 2.013671 450.000000
-7.396659 4.949086 2.016968 450.256000
-7.396659 4.949086 2.016968 450.256000
-7.401016 4.925522 2.062313 450.512000
-7.429325 4.857042 2.072314 450.760000
-7.477364 4.748359 2.065172 451.000000
-7.575920 4.533743 2.056076 451.256000
-7.575920 4.533743 2.056076 451.256000
-7.695798 4.276860 2.047974 451.504000
-7.801387 4.051850 2.041985 451.760000
-7.876770 3.892912 2.038107 452.064000
-7.973103 3.693009 2.033429 452.256000
-7.973103 3.693009 2.033429 452.256000
-8.067762 3.500312 2.029947 452.512000
-8.160960 3.314391 2.028111 452.752000
-8.235076 3.169381 2.026634 453.000000
-8.308782 3.027101 2.026402 453.256000
-8.308782 3.027101 2.026402 453.256000
-8.354279 2.940095 2.027067 453.504000
-8.409414 2.835633 2.027678 453.760000
-8.457225 2.745463 2.028536 454.008000
-8.485714 2.691758 2.029605 454.256000
-8.485714 2.691758 2.029605 454.256000
-8.526926 2.614370 2.031142 454.512000
-8.546836 2.576916 2.031902 454.752000
-8.580411 2.513220 2.034461 455.000000
-8.580411 2.513220 2.034461 455.000000
-8.586952 2.500747 2.035039 455.288000
-8.618209 2.440874 2.037377 455.504000
-8.636679 2.405172 2.039356 455.760000
-8.652255 2.375250 2.040892 456.016000
-8.664679 2.351542 2.040975 456.264000
-8.664679 2.351542 2.040975 456.264000
-8.675347 2.330747 2.041598 456.512000
-8.681973 2.317584 2.042056 456.752000
-8.691605 2.298144 2.042000 457.000000
-8.698930 2.282364 2.042436 457.264000
-8.698930 2.282364 2.042436 457.264000
-8.702718 2.273590 2.043069 457.504000
-8.707413 2.261915 2.043665 457.760000
-8.710601 2.251899 2.043974 458.000000
-8.710601 2.251899 2.043974 458.000000
-8.712739 2.237392 2.045153 458.440000
-8.712749 2.235303 2.045099 458.504000
-8.698354 2.194901 2.063874 458.752000
-8.658163 2.129912 2.075438 459.000000
-8.551023 2.011062 2.063850 459.256000
-8.551023 2.011062 2.063850 459.256000
-8.403340 1.886814 2.059355 459.504000
-8.242797 1.760122 2.055440 459.752000
-8.049922 1.607114 2.050437 460.000000
-7.915854 1.503254 2.045924 460.264000
-7.915854 1.503254 2.045924 460.264000
-7.784710 1.406848 2.041930 460.504000
-7.677904 1.332383 2.039082 460.752000
-7.549186 1.246572 2.034668 461.000000
-7.426941 1.168096 2.030577 461.256000
-7.426941 1.168096 2.030577 461.256000
-7.332852 1.109032 2.027727 461.520000
-7.256163 1.061336 2.024524 461.752000
-7.168358 1.006906 2.020708 462.000000
-7.097674 0.962971 2.017695 462.256000
-7.097674 0.962971 2.017695 462.256000
-7.053410 0.935286 2.015189 462.504000
-6.991625 0.896291 2.010768 462.760000
-6.942279 0.864717 2.007106 463.000000
-6.900344 0.837356 2.003487 463.256000
-6.900344 0.837356 2.003487 463.256000
-6.862511 0.812088 1.999362 463.528000
-6.831375 0.790851 1.996052 463.752000
-6.809800 0.775815 1.993408 464.000000
-6.786361 0.759117 1.989306 464.256000
-6.786361 0.759117 1.989306 464.256000
-6.759060 0.739176 1.983810 464.504000
-6.745528 0.729030 1.980701 464.816000
-6.727279 0.715068 1.975002 465.000000
-6.708388 0.700573 1.967955 465.256000
-6.708388 0.700573 1.967955 465.256000
-6.692899 0.689231 1.972698 465.504000
-6.662337 0.668597 2.001812 465.752000
-6.579136 0.606204 1.998083 466.000000
-6.384458 0.451019 1.978274 466.256000
-6.384458 0.451019 1.978274 466.256000
-6.222759 0.319996 1.962018 466.504000
-5.926752 0.077723 1.940749 466.760000
-5.754064 -0.064560 1.928424 467.000000
-5.518208 -0.259033 1.912551 467.264000
-5.518208 -0.259033 1.912551 467.264000
-5.319140 -0.422292 1.899481 467.504000
-5.084885 -0.612382 1.884471 467.752000
-5.084885 -0.612382 1.884471 467.752000
-4.766161 -0.866924 1.864292 468.256000
-4.766161 -0.866924 1.864292 468.256000
-4.626761 -0.976343 1.855727 468.504000
-4.543245 -1.041201 1.850638 468.752000
-4.427462 -1.130138 1.843453 469.008000
-4.329017 -1.204544 1.837065 469.256000
-4.329017 -1.204544 1.837065 469.256000
-4.260227 -1.255695 1.832259 469.504000
-4.183042 -1.312125 1.826557 469.752000
-4.110283 -1.364331 1.820436 470.008000
-4.051185 -1.406129 1.814452 470.256000
-4.051185 -1.406129 1.814452 470.256000
-4.013140 -1.432798 1.810137 470.504000
-3.971557 -1.461757 1.804939 470.752000
-3.929838 -1.490500 1.798617 471.008000
-3.929838 -1.490500 1.798617 471.008000
-3.918348 -1.498311 1.796706 471.280000
-3.868540 -1.531416 1.787694 471.504000
-3.848091 -1.544535 1.783680 471.752000
-3.831163 -1.555042 1.780173 472.008000
-3.809741 -1.567627 1.775332 472.256000
-3.809741 -1.567627 1.775332 472.256000
-3.795069 -1.575629 1.771411 472.504000
-3.778956 -1.583522 1.771734 472.760000
-3.735410 -1.600728 1.811750 473.008000
-3.624463 -1.647427 1.807185 473.256000
-3.624463 -1.647427 1.807185 473.256000
-3.452878 -1.719755 1.802560 473.504000
-3.091831 -1.870235 1.772915 473.752000
-2.760410 -2.007425 1.756028 474.000000
-2.511625 -2.110299 1.742782 474.256000
-2.511625 -2.110299 1.742782 474.256000
-2.157536 -2.256178 1.724937 474.504000
-1.819733 -2.393507 1.708956 474.760000
-1.521787 -2.512261 1.695413 475.008000
-1.270024 -2.610541 1.684234 475.264000
-1.270024 -2.610541 1.684234 475.264000
-1.099187 -2.676051 1.676793 475.512000
-0.888002 -2.755573 1.667061 475.752000
-0.707646 -2.821980 1.658024 476.000000
-0.544573 -2.880521 1.649492 476.256000
-0.544573 -2.880521 1.649492 476.256000
-0.398238 -2.931622 1.641613 476.504000
-0.307017 -2.962842 1.636512 476.752000
-0.186983 -3.003284 1.628906 477.008000
-0.095246 -3.033680 1.622933 477.256000
-0.095246 -3.033680 1.622933 477.256000
-0.004491 -3.063427 1.616581 477.528000
0.048640 -3.080880 1.612324 477.752000
0.094260 -3.095930 1.608312 478.000000
0.161507 -3.118359 1.601750 478.272000
0.161507 -3.118359 1.601750 478.272000
0.199117 -3.131269 1.597145 478.512000
0.242159 -3.146561 1.590536 478.752000
0.267987 -3.156070 1.585453 479.000000
0.292658 -3.165511 1.579787 479.256000
0.292658 -3.165511 1.579787 479.256000
0.321121 -3.176969 1.571484 479.512000
0.340331 -3.185039 1.564754 479.752000
0.362351 -3.194511 1.555502 480.008000
0.375337 -3.200087 1.548725 480.256000
0.375337 -3.200087 1.548725 480.256000
0.392260 -3.207189 1.538344 480.504000
0.402986 -3.211585 1.530431 480.752000
0.421922 -3.227988 1.533779 481.016000
0.445123 -3.278900 1.546125 481.256000
0.445123 -3.278900 1.546125 481.256000
0.469932 -3.429585 1.530957 481.504000
0.452066 -3.626806 1.509756 481.752000
0.410041 -3.845265 1.494604 482.008000
0.359910 -4.086162 1.479396 482.256000
0.359910 -4.086162 1.479396 482.256000
0.324897 -4.252284 1.467665 482.504000
0.270400 -4.487893 1.449728 482.752000
0.216552 -4.686617 1.434902 483.000000
0.179320 -4.809216 1.425419 483.256000
0.179320 -4.809216 1.425419 483.256000
0.125339 -4.972890 1.412015 483.504000
0.090200 -5.073134 1.403644 483.752000
0.040185 -5.210168 1.391512 484.000000
0.040185 -5.210168 1.391512 484.000000
0.000710 -5.315835 1.380820 484.272000
-0.023410 -5.380040 1.373680 484.504000
-0.054065 -5.460825 1.363838 484.752000
-0.080535 -5.529199 1.353875 485.000000
-0.098715 -5.575215 1.346549 485.256000
-0.098715 -5.575215 1.346549 485.256000
-0.120585 -5.629152 1.337234 485.504000
-0.140284 -5.676112 1.327538 485.752000
-0.157964 -5.716969 1.317781 486.000000
-0.174222 -5.753508 1.307910 486.256000
-0.174222 -5.753508 1.307910 486.256000
-0.185017 -5.777178 1.300317 486.504000
-0.197587 -5.804021 1.290522 486.752000
-0.207528 -5.824699 1.282777 487.008000
-0.207528 -5.824699 1.282777 487.008000
-0.225846 -5.861016 1.266987 487.408000
-0.226130 -5.861557 1.266725 487.504000
-0.234856 -5.877681 1.259322 487.752000
-0.243384 -5.892577 1.252581 488.008000
-0.251701 -5.906218 1.245272 488.256000
-0.251701 -5.906218 1.245272 488.256000
-0.258196 -5.916172 1.240110 488.504000
-0.265526 -5.926444 1.234512 488.752000
-0.269453 -5.931510 1.231258 489.000000
-0.276613 -5.940113 1.225239 489.264000
-0.276613 -5.940113 1.225239 489.264000
-0.283137 -5.947508 1.220179 489.504000
-0.289513 -5.954432 1.214543 489.752000
-0.298159 -5.966827 1.218956 490.000000
-0.311837 -6.004850 1.230894 490.256000
-0.311837 -6.004850 1.230894 490.256000
-0.336305 -6.113532 1.225418 490.544000
-0.349111 -6.276317 1.215558 490.752000
-0.347893 -6.477464 1.207983 491.000000
-0.339629 -6.660789 1.200313 491.256000
-0.339629 -6.660789 1.200313 491.256000
-0.326737 -6.834205 1.194524 491.504000
-0.307540 -7.018742 1.187428 491.752000
-0.292788 -7.135173 1.183504 492.000000
-0.269891 -7.293645 1.178805 492.256000
-0.269891 -7.293645 1.178805 492.256000
-0.250272 -7.413965 1.174892 492.520000
-0.235896 -7.495193 1.172002 492.752000
-0.216266 -7.598455 1.169431 493.000000
-0.200370 -7.675835 1.167151 493.256000
-0.200370 -7.675835 1.167151 493.256000
-0.188219 -7.731379 1.165075 493.504000
-0.178045 -7.775701 1.163484 493.760000
-0.158290 -7.856147 1.160278 494.000000
-0.145661 -7.903508 1.157159 494.256000
-0.145661 -7.903508 1.157159 494.256000
-0.137490 -7.932461 1.155032 494.512000
-0.125907 -7.970984 1.151884 494.752000
-0.115323 -8.003461 1.148107 495.000000
-0.103809 -8.035997 1.143482 495.256000
-0.103809 -8.035997 1.143482 495.256000
-0.094118 -8.060982 1.139602 495.504000
-0.088153 -8.075058 1.136906 495.752000
-0.077163 -8.098392 1.131482 496.008000
-0.070677 -8.110901 1.128952 496.264000
-0.070677 -8.110901 1.128952 496.264000
-0.062756 -8.125296 1.125140 496.504000
-0.053718 -8.138670 1.128721 496.752000
-0.046239 -8.144347 1.138273 497.056000
0.064010 -8.221349 1.146663 497.256000
0.064010 -8.221349 1.146663 497.256000
0.187098 -8.335350 1.135715 497.504000
0.273923 -8.426083 1.127815 497.752000
0.398227 -8.561067 1.119163 498.000000
0.483304 -8.656414 1.110947 498.256000
0.483304 -8.656414 1.110947 498.256000
0.567274 -8.753999 1.102794 498.504000
0.644725 -8.847052 1.095099 498.752000
0.718918 -8.937909 1.086720 499.000000
0.765290 -8.994921 1.081610 499.256000
0.765290 -8.994921 1.081610 499.256000
0.818193 -9.059439 1.077044 499.504000
0.854848 -9.103391 1.073308 499.752000
0.900542 -9.156893 1.068910 500.008000
0.900542 -9.156893 1.068910 500.008000
0.911028 -9.168903 1.068192 500.256000
0.957923 -9.220896 1.064138 500.504000
0.975879 -9.239911 1.062146 500.752000
1.000472 -9.264959 1.060233 501.000000
1.000472 -9.264959 1.060233 501.000000
1.020705 -9.284449 1.058261 501.272000
1.033177 -9.295828 1.056520 501.504000
1.046165 -9.307098 1.055186 501.752000
1.058565 -9.317337 1.053791 502.000000
1.068574 -9.325139 1.051894 502.256000
1.068574 -9.325139 1.051894 502.256000
1.077416 -9.331611 1.050689 502.504000
1.081649 -9.334645 1.050253 502.752000
1.087603 -9.339073 1.048720 503.000000
1.087603 -9.339073 1.048720 503.000000
1.092666 -9.343087 1.047039 503.416000
1.094472 -9.344650 1.046702 503.512000
1.096360 -9.346414 1.045833 503.752000
1.097976 -9.348067 1.045119 504.000000
1.099669 -9.349996 1.045177 504.256000
1.099669 -9.349996 1.045177 504.256000
1.100570 -9.351099 1.044921 504.504000
1.101867 -9.352821 1.044412 504.752000
1.102778 -9.354578 1.045656 505.024000
1.103018 -9.355792 1.046504 505.256000
1.103018 -9.355792 1.046504 505.256000
1.102834 -9.357867 1.047918 505.512000
1.102093 -9.360001 1.050304 505.768000
1.101405 -9.361482 1.051880 506.000000
1.100118 -9.363796 1.053892 506.256000
1.100118 -9.363796 1.053892 506.256000
1.100118 -9.363796 1.053892 506.256000
1.096488 -9.368356 1.058802 506.752000
1.094227 -9.370528 1.061210 507.008000
1.092108 -9.372216 1.063737 507.256000
1.092108 -9.372216 1.063737 507.256000
1.089816 -9.373715 1.066785 507.504000
1.087640 -9.374895 1.071018 507.752000
1.086204 -9.375623 1.074691 508.000000
1.084585 -9.376447 1.080300 508.256000
1.084585 -9.376447 1.080300 508.256000
1.083362 -9.376999 1.086937 508.504000
1.082760 -9.377182 1.091604 508.752000
1.081950 -9.377175 1.098894 509.000000
1.081227 -9.376843 1.105493 509.256000
1.081227 -9.376843 1.105493 509.256000
1.080445 -9.376181 1.113027 509.504000
1.079679 -9.375191 1.120177 509.752000
1.078646 -9.373342 1.129565 510.008000
1.077643 -9.371023 1.139467 510.264000
1.077643 -9.371023 1.139467 510.264000
1.077100 -9.369471 1.145660 510.504000
1.076563 -9.367382 1.153922 510.752000
1.076263 -9.365804 1.160836 511.000000
1.076007 -9.363587 1.172296 511.256000
1.076007 -9.363587 1.172296 511.256000
1.076026 -9.362181 1.181026 511.504000
1.076201 -9.360964 1.190742 511.752000
1.076752 -9.360154 1.201214 512.008000
1.076752 -9.360154 1.201214 512.008000
1.077848 -9.359925 1.212370 512.280000
1.078949 -9.360125 1.220942 512.504000
1.080038 -9.360526 1.228342 512.752000
1.080038 -9.360526 1.228342 512.752000
1.084013 -9.362742 1.250842 513.256000
1.084013 -9.362742 1.250842 513.256000
1.085664 -9.363887 1.259587 513.504000
1.087761 -9.365543 1.269618 513.752000
1.089523 -9.367122 1.277542 514.000000
1.091734 -9.369319 1.287435 514.264000
1.091734 -9.369319 1.287435 514.264000
1.094094 -9.371803 1.297178 514.504000
1.096797 -9.374720 1.307484 514.768000
1.099551 -9.377797 1.317909 515.000000
209
219.165750 103.504000
219.172500 105.176000
219.172500 107.224000
219.172500 108.712000
219.172500 110.896000
219.172500 113.008000
219.172500 115.056000
219.172500 116.696000
219.172500 119.040000
219.172500 120.504000
251.606250 122.624000
260.988750 124.848000
263.091375 127.080000
267.846750 128.992000
268.170750 131.272000
269.733375 133.280000
284.799375 134.744000
288.174375 136.568000
289.642500 138.544000
295.923375 140.656000
303.959250 142.736000
306.244125 144.832000
306.706500 146.816000
315.950625 148.592000
329.163750 150.464000
334.833750 152.400000
337.081500 154.336000
338.478750 156.200000
338.725125 158.232000
338.725125 159.888000
339.663375 161.960000
349.180875 164.016000
349.582500 166.344000
349.582500 168.864000
365.856750 170.888000
369.481500 172.608000
370.426500 174.688000
370.426500 175.872000
373.069125 177.856000
373.069125 179.640000
374.088375 181.984000
374.088375 183.840000
375.225750 186.592000
383.403375 188.632000
386.393625 190.728000
387.234000 192.264000
387.234000 194.168000
396.633375 195.848000
408.300750 197.856000
409.725000 199.784000
410.707125 201.824000
410.707125 203.104000
410.751000 204.608000
410.751000 206.600000
410.771250 208.648000
416.427750 210.608000
419.735250 212.640000
420.798375 214.600000
420.798375 216.336000
433.832625 218.232000
451.686375 220.432000
458.669250 222.592000
461.176875 224.648000
464.038875 226.704000
464.902875 228.928000
465.429375 231.128000
465.429375 232.704000
485.905500 234.744000
495.061875 236.592000
495.061875 238.632000
495.429750 241.032000
497.842875 243.152000
502.824375 245.312000
502.824375 247.496000
502.871625 250.024000
506.617875 251.968000
509.355000 253.688000
509.604750 255.512000
509.638500 257.592000
510.870375 259.496000
510.934500 261.168000
510.941250 263.256000
510.954750 264.928000
510.971625 267.064000
512.429625 269.080000
512.429625 270.624000
515.254500 272.944000
515.767500 275.016000
519.388875 277.080000
520.479000 279.080000
520.593750 281.056000
520.674750 283.400000
522.757125 285.472000
523.931625 286.560000
527.107500 288.944000
529.503750 291.000000
529.503750 292.584000
560.047500 294.568000
573.743250 296.672000
578.292750 298.888000
584.975250 300.688000
597.665250 302.800000
600.523875 304.744000
601.664625 306.880000
625.012875 308.952000
629.683875 311.584000
629.683875 313.968000
629.683875 315.984000
629.683875 317.624000
636.636375 319.432000
639.761625 321.792000
640.878750 323.912000
646.498125 326.312000
655.074000 328.472000
655.074000 330.616000
666.984375 332.824000
678.989250 335.192000
683.380125 337.568000
694.699875 339.712000
695.229750 340.944000
695.229750 342.592000
695.290500 344.184000
695.327625 346.360000
702.293625 348.736000
702.293625 351.216000
703.056375 353.632000
703.056375 355.776000
709.533000 357.472000
709.533000 359.240000
709.533000 361.496000
711.369000 363.160000
711.898875 365.608000
711.902250 367.544000
714.045375 369.696000
722.530125 371.888000
724.214250 373.904000
724.342500 376.240000
725.692500 378.536000
725.736375 380.416000
725.736375 382.448000
725.776875 384.424000
726.043500 386.416000
726.050250 388.528000
726.134625 390.040000
726.235875 391.896000
727.116750 394.128000
731.035125 396.384000
733.181625 398.368000
733.195125 400.224000
733.201875 402.272000
733.245750 404.312000
733.390875 406.312000
733.458375 408.280000
733.458375 410.368000
733.461750 412.336000
733.461750 414.136000
733.772250 416.040000
733.846500 418.424000
733.870125 420.472000
733.870125 422.376000
734.477625 424.344000
734.477625 426.184000
734.794875 428.248000
735.085125 430.336000
736.391250 432.512000
740.738250 434.576000
742.081500 436.632000
740.066625 438.296000
739.003500 440.296000
739.003500 442.152000
738.591750 444.408000
743.981625 445.992000
752.392125 447.792000
754.383375 449.296000
754.383375 450.864000
754.812000 452.344000
759.796875 454.320000
761.416875 456.448000
761.467500 458.016000
761.467500 459.552000
769.371750 461.664000
771.150375 463.488000
771.150375 464.840000
771.167250 466.656000
771.363000 468.816000
771.363000 470.432000
772.287750 472.400000
772.304625 474.496000
772.682625 476.320000
772.736625 478.128000
772.736625 479.848000
772.767000 481.624000
774.380250 483.432000
778.612500 485.424000
780.040125 487.480000
780.040125 489.408000
780.060375 491.400000
780.657750 492.664000
780.664500 494.256000
780.890625 496.232000
780.890625 498.080000
780.890625 499.688000
781.771500 501.216000
781.862625 503.352000
781.866000 505.096000
781.866000 507.168000
781.866000 508.576000
781.866000 510.656000
781.866000 512.976000
